[{"id": 0, "img_name": "00000000.png", "width": 512, "height": 512, "position": [1.407680758412517, -5.543076355600372e-10, 0.6633538999306524], "rotation": [[4.42824164652315e-09, 0.42627885895543677, -0.9045918054059802], [0.9999999999999998, -9.911129137986345e-10, 4.4282414220001894e-09], [9.91112958236622e-10, -0.90459180540598, -0.4262788589554366]], "fy": 711.0673733317556, "fx": 711.0673733317556}, {"id": 1, "img_name": "00000001.png", "width": 512, "height": 512, "position": [1.3862948511809061, 0.24444119089467473, 0.6633539180763246], "rotation": [[-0.17364824091000153, 0.419802733228832, -0.8908490071849796], [0.9848077418607457, 0.07402256890503478, -0.15708077814881577], [-7.98625283708989e-09, -0.9045917999110433, -0.42627887061605363]], "fy": 711.0673733317556, "fx": 711.0673733317556}, {"id": 2, "img_name": "00000002.png", "width": 512, "height": 512, "position": [1.3227871750873694, 0.4814551309404477, 0.6633538995848097], "rotation": [[-0.3420202145626657, 0.4005710608756989, -0.850038233269201], [0.9396925948577585, 0.1457959734273133, -0.30938868967994654], [-3.978122022933783e-09, -0.9045918191766377, -0.42627882973319303]], "fy": 711.0673733317556, "fx": 711.0673733317556}, {"id": 3, "img_name": "00000003.png", "width": 512, "height": 512, "position": [1.21908723449737, 0.7038403943864614, 0.663353881777721], "rotation": [[-0.5000000561319641, 0.3691682960109496, -0.783399459463947], [0.8660253713766314, 0.2131394493457156, -0.45229595539267475], [2.262918605778416e-09, -0.9045918109031146, -0.4262788472901544]], "fy": 711.0673733317556, "fx": 711.0673733317556}, {"id": 4, "img_name": "00000004.png", "width": 512, "height": 512, "position": [1.0783460190459462, 0.9048397186730399, 0.663353887183992], "rotation": [[-0.6427875003997916, 0.3265485828626614, -0.6929576122391433], [0.7660445348214322, 0.2740067820222256, -0.5814602772984927], [5.586469980969946e-08, -0.9045917899451729, -0.426278891764282]], "fy": 711.0673733317556, "fx": 711.0673733317556}, {"id": 5, "img_name": "00000005.png", "width": 512, "height": 512, "position": [0.9048395680627581, 1.0783460910205196, 0.6633539036366775], "rotation": [[-0.7660445102623437, 0.2740067728304823, -0.5814603139853574], [0.6427875296681834, 0.3265486043771081, -0.6929575749513368], [-1.4788259301710436e-08, -0.9045917849629123, -0.4262789023369703]], "fy": 711.0673733317556, "fx": 711.0673733317556}, {"id": 6, "img_name": "00000006.png", "width": 512, "height": 512, "position": [0.7038403001955255, 1.2190873267018476, 0.6633538991155541], "rotation": [[-0.8660253365793464, 0.21313949580724373, -0.4522960001256511], [0.5000001164026142, 0.369168385974514, -0.7833993786022198], [3.577812992429519e-08, -0.904591763241301, -0.4262789484316488]], "fy": 711.0673733317556, "fx": 711.0673733317556}, {"id": 7, "img_name": "00000007.png", "width": 512, "height": 512, "position": [0.4814549693289121, 1.322787307817373, 0.6633538735342129], "rotation": [[-0.9396926769487499, 0.14579588866797294, -0.309388480290407], [0.3420199890194889, 0.4005710739107993, -0.8500383178757634], [-1.615096728884245e-08, -0.9045918270653702, -0.4262788129927811]], "fy": 711.0673733317556, "fx": 711.0673733317556}, {"id": 8, "img_name": "00000008.png", "width": 512, "height": 512, "position": [0.24444108708244003, 1.3862950057338361, 0.663353882873485], "rotation": [[-0.9848077700893324, 0.07402250382449324, -0.15708063183992002], [0.17364808081771474, 0.4198026922861893, -0.890849057684629], [-5.627092536959121e-09, -0.9045918242372191, -0.42627881899430525]], "fy": 711.0673733317556, "fx": 711.0673733317556}, {"id": 9, "img_name": "00000009.png", "width": 512, "height": 512, "position": [-6.153167947005782e-08, 1.4076808048916363, 0.6633538931117559], "rotation": [[-0.9999999999999986, -1.863323822780872e-08, 3.9540956859453067e-08], [-4.37113810833676e-08, 0.42627879557353454, -0.904591835273995], [3.6997183164228964e-15, -0.9045918352739958, -0.4262787955735345]], "fy": 711.0673733317556, "fx": 711.0673733317556}, {"id": 10, "img_name": "00000010.png", "width": 512, "height": 512, "position": [-0.2444413646906712, 1.3862948351865518, 0.6633539206136554], "rotation": [[-0.9848077309402913, -0.07402259988636183, 0.1570808320142793], [-0.17364830284294355, 0.419802729421657, -0.8908489969068227], [-3.162218701832211e-09, -0.9045917991426797, -0.426278872246572]], "fy": 711.0673733317556, "fx": 711.0673733317556}, {"id": 11, "img_name": "00000011.png", "width": 512, "height": 512, "position": [-0.4814551652454708, 1.3227871557014377, 0.6633539173570767], "rotation": [[-0.939692619753169, -0.14579597839603844, 0.30938861172474963], [-0.3420201461630967, 0.4005711457132913, -0.850038220811579], [3.4080243195721476e-09, -0.904591780808052, -0.42627891115385597]], "fy": 711.0673733317556, "fx": 711.0673733317556}, {"id": 12, "img_name": "00000012.png", "width": 512, "height": 512, "position": [-0.7038404550941644, 1.2190872091492897, 0.6633539077272608], "rotation": [[-0.8660252804548156, -0.2131395311954343, 0.45229609091274325], [-0.5000002136131102, 0.3691683719332173, -0.7833993231749832], [-4.703367942712383e-08, -0.9045917606334739, -0.42627895396562754]], "fy": 711.0673733317556, "fx": 711.0673733317556}, {"id": 13, "img_name": "00000013.png", "width": 512, "height": 512, "position": [-0.9048397627877728, 1.0783459840820604, 0.6633538949827271], "rotation": [[-0.766044430789679, -0.2740068005010069, 0.5814604056471238], [-0.642787624380025, 0.3265485987019823, -0.6929574897709495], [-1.6009407364059468e-08, -0.9045917786299922, -0.4262789157758408]], "fy": 711.0673733317556, "fx": 711.0673733317556}, {"id": 14, "img_name": "00000014.png", "width": 512, "height": 512, "position": [-1.0783461108063266, 0.904839417374995, 0.6633538835753668], "rotation": [[-0.6427873850894467, -0.3265486497821822, 0.692957687665924], [-0.7660446315782583, 0.2740067282217437, -0.5814601751791312], [-3.3686588302053964e-08, -0.9045917820844102, -0.42627890844533856]], "fy": 711.0673733317556, "fx": 711.0673733317556}, {"id": 15, "img_name": "00000015.png", "width": 512, "height": 512, "position": [-1.21908723449737, 0.7038404293864603, 0.663353881777721], "rotation": [[-0.5000000561319641, -0.3691682960109496, 0.783399459463947], [-0.8660253713766314, 0.2131394493457156, -0.45229595539267475], [-2.262918605778416e-09, -0.9045918109031146, -0.4262788472901544]], "fy": 711.0673733317556, "fx": 711.0673733317556}, {"id": 16, "img_name": "00000016.png", "width": 512, "height": 512, "position": [-1.322787223605968, 0.48145498587616087, 0.6633538550822448], "rotation": [[-0.3420199293723645, -0.4005711335721198, 0.8500383137605443], [-0.9396926986585145, 0.1457958947472868, -0.30938841148743157], [-2.9820595452191496e-08, -0.9045917996663382, -0.42627887113533314]], "fy": 711.0673733317556, "fx": 711.0673733317556}, {"id": 17, "img_name": "00000017.png", "width": 512, "height": 512, "position": [-1.3862950216228118, 0.24444103061993847, 0.6633539114439773], "rotation": [[-0.1736479670080716, -0.41980271769540983, 0.8908490678950677], [-0.9848077901570248, 0.07402246545105833, -0.15708052410971754], [-1.3432091143105027e-08, -0.9045918155854024, -0.4262788373540312]], "fy": 711.0673733317556, "fx": 711.0673733317556}, {"id": 18, "img_name": "00000018.png", "width": 512, "height": 512, "position": [-1.407680758970903, -1.229911217367044e-07, 0.6633538987457223], "rotation": [[4.025616620374697e-09, -0.4262788581939869, 0.9045918057648051], [-0.9999999999999999, -2.0435476870472698e-08, -5.1797894910204695e-09], [2.06937996679809e-08, -0.904591805764805, -0.4262788581939869]], "fy": 711.0673733317556, "fx": 711.0673733317556}, {"id": 19, "img_name": "00000019.png", "width": 512, "height": 512, "position": [-1.386294834890761, -0.24444161491241054, 0.6633538943552417], "rotation": [[0.1736484464810368, -0.41980267041014885, 0.8908489967167444], [-0.9848077056129904, -0.07402267037956199, 0.15708095758288607], [1.617804827349755e-08, -0.9045918207602734, -0.4262788263726137]], "fy": 711.0673733317556, "fx": 711.0673733317556}, {"id": 20, "img_name": "00000020.png", "width": 512, "height": 512, "position": [-1.3227868457963226, -0.4814555431711437, 0.6633539032204977], "rotation": [[0.34202046966765903, -0.40057106027840134, 0.8500381309069324], [-0.9396925020070728, -0.14579606668964898, 0.3093889277422751], [-3.480166920243963e-08, -0.9045918044097374, -0.4262788610695281]], "fy": 711.0673733317556, "fx": 711.0673733317556}, {"id": 21, "img_name": "00000021.png", "width": 512, "height": 512, "position": [-1.2190870926295447, -0.7038402436811968, 0.6633538797308325], "rotation": [[0.5000001132091653, -0.3691683336494377, 0.7833994052980378], [-0.8660253384230859, -0.21313946352323002, 0.4522960118088694], [-3.602612544216257e-08, -0.904591792202166, -0.4262788869747967]], "fy": 711.0673733317556, "fx": 711.0673733317556}, {"id": 22, "img_name": "00000022.png", "width": 512, "height": 512, "position": [-1.07834586943811, -0.9048395381134177, 0.6633538704001211], "rotation": [[0.6427876530070951, -0.32654857887456934, 0.692957472559918], [-0.7660444067687134, -0.2740067995545214, 0.5814604377395403], [-2.033209859917285e-08, -0.9045917860741867, -0.4262788999787721]], "fy": 711.0673733317556, "fx": 711.0673733317556}, {"id": 23, "img_name": "00000023.png", "width": 512, "height": 512, "position": [-0.9048395659785735, -1.0783460703285956, 0.6633538826121032], "rotation": [[0.7660445476870319, -0.2740067442733787, 0.5814602781374442], [-0.6427874850671649, -0.3265486355052141, 0.6929576016544677], [4.07743523218617e-09, -0.9045917823761093, -0.42627890782633604]], "fy": 711.0673733317556, "fx": 711.0673733317556}, {"id": 24, "img_name": "00000024.png", "width": 512, "height": 512, "position": [-0.703840169424003, -1.2190873049277726, 0.6633538700925689], "rotation": [[0.866025481885664, -0.21313937177565298, 0.45229578035151247], [-0.4999998647246852, -0.36916833212537997, 0.7833995646099515], [-1.2190570003550172e-08, -0.9045918144416548, -0.42627883978113984]], "fy": 711.0673733317556, "fx": 711.0673733317556}, {"id": 25, "img_name": "00000025.png", "width": 512, "height": 512, "position": [-0.48145422930072385, -1.322787117247339, 0.6633538412834911], "rotation": [[0.9396928229098845, -0.1457957330395182, 0.3093881103066536], [-0.3420195879940979, -0.4005712032119157, 0.8500384182998469], [-6.70278164892299e-09, -0.9045917948913904, -0.4262788812680875]], "fy": 711.0673733317556, "fx": 711.0673733317556}, {"id": 26, "img_name": "00000026.png", "width": 512, "height": 512, "position": [-0.24444116762745202, -1.386295075837994, 0.6633538816795307], "rotation": [[0.9848077600740985, -0.07402252493540122, 0.1570806846815505], [-0.17364813761695458, -0.41980268778468394, 0.8908490487343622], [-2.2952444196021446e-09, -0.9045918245987761, -0.4262788182270577]], "fy": 711.0673733317556, "fx": 711.0673733317556}, {"id": 27, "img_name": "00000027.png", "width": 512, "height": 512, "position": [1.678642623264281e-08, -1.4076808496819369, 0.663353999501269], "rotation": [[0.9999999999999999, 5.083325300773931e-09, -1.0787150984893885e-08], [1.192488249352527e-08, -0.4262788639406528, 0.904591803056752], [-6.764576286868302e-17, -0.9045918030567522, -0.42627886394065273]], "fy": 711.0673733317556, "fx": 711.0673733317556}, {"id": 28, "img_name": "00000028.png", "width": 512, "height": 512, "position": [0.2444418073250818, -1.386294657070489, 0.6633538231190952], "rotation": [[0.9848076768876417, 0.07402274487375157, -0.15708110256972854], [0.17364860939024473, -0.4198026818712894, 0.89084895956077], [1.712454275476827e-08, -0.9045918093455345, -0.4262788505954421]], "fy": 711.0673733317556, "fx": 711.0673733317556}, {"id": 29, "img_name": "00000029.png", "width": 512, "height": 512, "position": [0.48145565059084017, -1.3227868150545856, 0.6633538184404557], "rotation": [[0.9396924900577976, 0.1457961320198742, -0.309388933249105], [0.3420205024979866, -0.40057104237370206, 0.8500381261347458], [2.3369386147269532e-08, -0.9045918018087984, -0.42627886658889186]], "fy": 711.0673733317556, "fx": 711.0673733317556}, {"id": 30, "img_name": "00000030.png", "width": 512, "height": 512, "position": [0.703840169424003, -1.2190873049277726, 0.6633538700925689], "rotation": [[0.866025481885664, 0.21313937177565298, -0.45229578035151247], [0.4999998647246852, -0.36916833212537997, 0.7833995646099515], [1.2190570003550172e-08, -0.9045918144416548, -0.42627883978113984]], "fy": 711.0673733317556, "fx": 711.0673733317556}, {"id": 31, "img_name": "00000031.png", "width": 512, "height": 512, "position": [0.9048395659785735, -1.0783460703285956, 0.6633538826121032], "rotation": [[0.7660445476870319, 0.2740067442733787, -0.5814602781374442], [0.6427874850671649, -0.3265486355052141, 0.6929576016544677], [-4.07743523218617e-09, -0.9045917823761093, -0.42627890782633604]], "fy": 711.0673733317556, "fx": 711.0673733317556}, {"id": 32, "img_name": "00000032.png", "width": 512, "height": 512, "position": [1.078345971476461, -0.9048393428598428, 0.6633538587291972], "rotation": [[0.6427874085325204, 0.3265486684334431, -0.6929576571309333], [0.7660446119071961, -0.2740067278263795, 0.5814602012810794], [-5.67730301690425e-09, -0.9045917754712486, -0.4262789224789027]], "fy": 711.0673733317556, "fx": 711.0673733317556}, {"id": 33, "img_name": "00000033.png", "width": 512, "height": 512, "position": [1.2190872831125459, -0.7038399715845562, 0.6633538784627125], "rotation": [[0.49999990188240445, 0.36916838606070196, -0.7833995154778448], [0.8660254604326503, -0.21313937111442105, 0.4522958217398924], [3.8473424893368905e-08, -0.9045917925861836, -0.42627888615988574]], "fy": 711.0673733317556, "fx": 711.0673733317556}, {"id": 34, "img_name": "00000034.png", "width": 512, "height": 512, "position": [1.3227872085730328, -0.48145484616490714, 0.6633538837632637], "rotation": [[0.34201990947805055, 0.40057117105835977, -0.8500383041002095], [0.9396927058994472, -0.14579590119488212, 0.3093883864564846], [-3.232172887284797e-08, -0.9045917820275101, -0.4262789085660849]], "fy": 711.0673733317556, "fx": 711.0673733317556}, {"id": 35, "img_name": "00000035.png", "width": 512, "height": 512, "position": [1.3862950249354664, -0.24444090469872362, 0.6633538961439946], "rotation": [[0.17364789373219383, 0.4198027434880262, -0.8908490700238166], [0.9848078030775206, -0.07402242955823587, 0.1570804600194537], [-4.46833018352903e-09, -0.9045918065526692, -0.42627885652208614]], "fy": 711.0673733317556, "fx": 711.0673733317556}, {"id": 36, "img_name": "00000036.png", "width": 512, "height": 512, "position": [1.4076807280031356, 2.449458744729836e-07, 0.6633539006591654], "rotation": [[-1.6889165396697568e-07, 0.4262789004235764, -0.904591785864562], [0.9999999999999851, 9.640416301197345e-08, -1.412754301608938e-07], [2.6983678766432007e-08, -0.9045917858645728, -0.42627890042358624]], "fy": 711.0673733317556, "fx": 711.0673733317556}, {"id": 37, "img_name": "00000037.png", "width": 512, "height": 512, "position": [-0.0, 8.3627727729917155e-22, 1.556150199999986], "rotation": [[-0.9999999999999998, -0.0, -0.0], [0.0, 0.9999999999999909, 1.3435885599999825e-07], [-0.0, 1.3435885599999825e-07, -0.9999999999999909]], "fy": 711.0673733317556, "fx": 711.0673733317556}, {"id": 38, "img_name": "00000038.png", "width": 512, "height": 512, "position": [-0.0, 8.362772772991715e-22, -1.556150199999986], "rotation": [[-1.0, -0.0, -0.0], [-0.0, -0.9999999999999908, 1.3435885599999823e-07], [0.0, 1.3435885599999823e-07, 0.9999999999999909]], "fy": 711.0673733317556, "fx": 711.0673733317556}, {"id": 39, "img_name": "00000039.png", "width": 512, "height": 512, "position": [1.5540212542207756, -7.866793487013257e-08, -0.08136839476093376], "rotation": [[1.5518570335110874e-07, -0.052288283711664885, -0.9986320320250417], [0.9999999999999863, -4.4631920942780506e-08, 1.5773520643251483e-07], [-5.281856935506527e-08, -0.9986320320250527, 0.0522882837116574]], "fy": 711.0673733317556, "fx": 711.0673733317556}, {"id": 40, "img_name": "00000040.png", "width": 512, "height": 512, "position": [1.34582192921345, 0.7770106959774283, -0.08136835695049932], "rotation": [[-0.5000000174071093, -0.0452829474663671, -0.8648407005117463], [0.8660253937344389, -0.026144123300259944, -0.49931603441504924], [-1.5373099146936645e-10, -0.9986320340774268, 0.05228824451424031]], "fy": 711.0673733317556, "fx": 711.0673733317556}, {"id": 41, "img_name": "00000041.png", "width": 512, "height": 512, "position": [0.7770106790620607, 1.3458221110022857, -0.08136834391786651], "rotation": [[-0.8660253997522689, -0.02614413156123644, -0.4993160235450399], [0.5000000069839217, -0.045282937298759894, -0.8648407070701949], [1.3038699623414023e-08, -0.9986320343222046, 0.052288239839322806]], "fy": 711.0673733317556, "fx": 711.0673733317556}, {"id": 42, "img_name": "00000042.png", "width": 512, "height": 512, "position": [-6.792843114277434e-08, 1.5540214147971825, -0.08136832319199111], "rotation": [[-0.9999999999999987, 2.28559169968136e-09, 4.365159683435994e-08], [-4.371139251507728e-08, -0.052288222820634764, -0.9986320352132999], [-6.689678887881303e-16, -0.9986320352133008, 0.052288222820635194]], "fy": 711.0673733317556, "fx": 711.0673733317556}, {"id": 43, "img_name": "00000043.png", "width": 512, "height": 512, "position": [-0.7770107893488905, 1.345821943537893, -0.08136842005812216], "rotation": [[-0.8660253589663416, 0.02614415313549073, 0.49931609315547526], [-0.5000000776272132, -0.04528298526672474, -0.8648406637167996], [-3.460213477153031e-09, -0.9986320315822848, 0.0522882921679259]], "fy": 711.0673733317556, "fx": 711.0673733317556}, {"id": 44, "img_name": "00000044.png", "width": 512, "height": 512, "position": [-1.345822211703387, 0.7770104631822273, -0.08136833746472268], "rotation": [[-0.4999998543678634, 0.045282949432113154, 0.8648407946685011], [-0.8660254878651757, -0.02614410225191788, -0.49931587225455376], [-9.226511357517981e-09, -0.9986320345393342, 0.052288235692457115]], "fy": 711.0673733317556, "fx": 711.0673733317556}, {"id": 45, "img_name": "00000045.png", "width": 512, "height": 512, "position": [-1.5540212551764996, -2.1451704524837343e-07, -0.08136839393671332], "rotation": [[1.55042933695683e-07, 0.052288271982014946, 0.9986320326392053], [-0.9999999999999866, -4.2004184833855863e-08, 1.5745465266943077e-07], [5.017975615160723e-08, -0.9986320326392163, 0.05228827198200787]], "fy": 711.0673733317556, "fx": 711.0673733317556}, {"id": 46, "img_name": "00000046.png", "width": 512, "height": 512, "position": [-1.3458217430155157, -0.7770113326154418, -0.0813683776027897], "rotation": [[0.5000003163165416, 0.04528295985457052, 0.8648405270511828], [-0.866025221158921, 0.026144128386072458, 0.499316333467647], [1.9710442299080956e-08, -0.9986320333825375, 0.052288257785641626]], "fy": 711.0673733317556, "fx": 711.0673733317556}, {"id": 47, "img_name": "00000047.png", "width": 512, "height": 512, "position": [-0.777010410037223, -1.3458219562901184, -0.08136833491277837], "rotation": [[0.8660255001683929, 0.026144107663886477, 0.49931585063218675], [-0.4999998330580571, 0.045282936792882006, 0.8648408076503598], [3.083472173718188e-09, -0.9986320349707749, 0.05228822745254448]], "fy": 711.0673733317556, "fx": 711.0673733317556}, {"id": 48, "img_name": "00000048.png", "width": 512, "height": 512, "position": [1.8531516089204628e-08, -1.5540211005988602, -0.08136837412538002], "rotation": [[0.9999999999999999, -6.235310244924179e-10, -1.1908564986877744e-08], [1.1924877818459822e-08, 0.05228825925101703, 0.9986320333058106], [7.852332508879779e-17, -0.9986320333058107, 0.05228825925101704]], "fy": 711.0673733317556, "fx": 711.0673733317556}, {"id": 49, "img_name": "00000049.png", "width": 512, "height": 512, "position": [0.7770113554081356, -1.3458218053147766, -0.08136833879342713], "rotation": [[0.8660251822373924, -0.026144135416130834, -0.49931640060590243], [0.5000003837305439, 0.045282923649650475, 0.8648404899720226], [-4.3752628722275697e-10, -0.998632034840202, 0.05228822994629925]], "fy": 711.0673733317556, "fx": 711.0673733317556}, {"id": 50, "img_name": "00000050.png", "width": 512, "height": 512, "position": [1.3458221181775616, -0.7770103141795127, -0.08136833984658624], "rotation": [[0.4999999079642672, -0.045282945646212144, -0.8648407638804536], [0.8660254569212869, 0.02614409867050961, 0.49931592611189785], [-1.3677243835117442e-08, -0.9986320348047665, 0.05228823062306631]], "fy": 711.0673733317556, "fx": 711.0673733317556}]