[{"id": 0, "img_name": "00000000.png", "width": 512, "height": 512, "position": [1.627866728622041, -2.1094261505678272e-07, 0.3125280736673079], "rotation": [[2.516488046309373e-07, 0.18854299489779155, -0.9820649362821727], [0.9999999999999678, -1.579409899055391e-08, 2.5321231694087606e-07], [3.2230577780602244e-08, -0.9820649362822047, -0.18854299489778956]], "fy": 711.0673733317556, "fx": 711.0673733317556}, {"id": 1, "img_name": "00000001.png", "width": 512, "height": 512, "position": [1.603136016243522, 0.28267617629359665, 0.3125280361079913], "rotation": [[-0.17364817843988525, 0.18567854830862748, -0.9671451736024484], [0.9848077528759148, 0.0327401552546058, -0.17053378582965587], [1.7347061782836465e-08, -0.9820649463919912, -0.1885429422388825]], "fy": 711.0673733317556, "fx": 711.0673733317556}, {"id": 2, "img_name": "00000002.png", "width": 512, "height": 512, "position": [1.5296945076354456, 0.5567633440126449, 0.31252805893228547], "rotation": [[-0.3420201776948724, 0.17717242251300877, -0.9228391684093383], [0.9396926082765401, 0.06448549419254687, -0.33588602678464524], [-1.2185899467046396e-09, -0.9820649437484339, -0.1885429560083987]], "fy": 711.0673733317556, "fx": 711.0673733317556}, {"id": 3, "img_name": "00000003.png", "width": 512, "height": 512, "position": [1.4097739993946734, 0.8139334737434479, 0.31252804337252643], "rotation": [[-0.4999999610317269, 0.16328300500751583, -0.850493209404982], [0.8660254262827799, 0.09427146255736954, -0.4910324351598612], [-1.2823341622434145e-08, -0.982064942670804, -0.1885429616214556]], "fy": 711.0673733317556, "fx": 711.0673733317556}, {"id": 4, "img_name": "00000004.png", "width": 512, "height": 512, "position": [1.2470184241832516, 1.046372771597894, 0.31252802518170525], "rotation": [[-0.64278757338507, 0.14443227105586412, -0.7523054263923522], [0.7660444735795262, 0.12119305945524905, -0.6312591439639849], [4.481775943229282e-09, -0.9820649476574967, -0.18854293564723706]], "fy": 711.0673733317556, "fx": 711.0673733317556}, {"id": 5, "img_name": "00000005.png", "width": 512, "height": 512, "position": [1.046372628613751, 1.2470185424033666, 0.31252806064188726], "rotation": [[-0.7660444327767636, 0.12119309269119734, -0.6312591870980329], [0.6427876220119102, 0.144432310255781, -0.7523053773185804], [7.4372982417092934e-09, -0.982064937790837, -0.18854298703977096]], "fy": 711.0673733317556, "fx": 711.0673733317556}, {"id": 6, "img_name": "00000006.png", "width": 512, "height": 512, "position": [0.81393340469997, 1.4097741446831271, 0.31252806182824827], "rotation": [[-0.866025443222092, 0.09427146127571577, -0.49103240553034777], [0.499999931691974, 0.16328298396293284, -0.85049323069392], [-3.2651282973629744e-09, -0.9820649462928109, -0.1885429427554849]], "fy": 711.0673733317556, "fx": 711.0673733317556}, {"id": 7, "img_name": "00000007.png", "width": 512, "height": 512, "position": [0.5567631055692503, 1.5296947281431765, 0.31252800947714066], "rotation": [[-0.9396926614965663, 0.06448545530225543, -0.3358858853598348], [0.3420200314740341, 0.1771723889550142, -0.9228392290439726], [-3.1302110763684707e-09, -0.9820649523562248, -0.18854291117293662]], "fy": 711.0673733317556, "fx": 711.0673733317556}, {"id": 8, "img_name": "00000008.png", "width": 512, "height": 512, "position": [0.2826759895872987, 1.6031361749763848, 0.31252802794394774], "rotation": [[-0.9848077671929529, 0.03274011583843508, -0.17053371071819107], [0.17364809724390826, 0.18567850253250143, -0.9671451969693369], [-1.7438977140359791e-09, -0.9820649563609188, -0.18854289031365293]], "fy": 711.0673733317556, "fx": 711.0673733317556}, {"id": 9, "img_name": "00000009.png", "width": 512, "height": 512, "position": [-7.115633008322273e-08, 1.6278669800649141, 0.31252805491339497], "rotation": [[-0.9999999999999988, -8.241472936288601e-09, 4.292741815020688e-08], [-4.371138416021949e-08, 0.18854292358386923, -0.9820649499734959], [7.869369309196961e-16, -0.9820649499734968, -0.18854292358386915]], "fy": 711.0673733317556, "fx": 711.0673733317556}, {"id": 10, "img_name": "00000010.png", "width": 512, "height": 512, "position": [-0.28267632135791043, 1.6031360835011563, 0.31252806897017127], "rotation": [[-0.9848077369312634, -0.03274015016464236, 0.1705338788848692], [-0.17364826886647203, 0.1856785388743665, -0.9671451591778545], [-3.7174307504932444e-09, -0.982064948345412, -0.18854293206408648]], "fy": 711.0673733317556, "fx": 711.0673733317556}, {"id": 11, "img_name": "00000011.png", "width": 512, "height": 512, "position": [-0.5567633234616174, 1.5296945788607752, 0.31252805643940396], "rotation": [[-0.9396926139542298, -0.06448547724569147, 0.33588601415400193], [-0.3420201620955508, 0.17717241111806112, -0.9228391763783903], [-1.0278718406117421e-08, -0.9820649469169584, -0.18854293950448467]], "fy": 711.0673733317556, "fx": 711.0673733317556}, {"id": 12, "img_name": "00000012.png", "width": 512, "height": 512, "position": [-0.8139335454731362, 1.4097741100418704, 0.3125280163939841], "rotation": [[-0.8660253662184644, -0.09427148041546625, 0.49103253766573446], [-0.5000000650661703, 0.16328295858306646, -0.8504931571565911], [3.4977634744453324e-09, -0.9820649486753086, -0.18854293034575184]], "fy": 711.0673733317556, "fx": 711.0673733317556}, {"id": 13, "img_name": "00000013.png", "width": 512, "height": 512, "position": [-1.04637274858121, 1.247018461545458, 0.3125280109889763], "rotation": [[-0.7660443517090939, -0.12119308434011324, 0.6312592870783958], [-0.6427877186245815, 0.1444322781599951, -0.752305300932354], [-1.7156978089185646e-08, -0.9820649435417416, -0.18854295708499907]], "fy": 711.0673733317556, "fx": 711.0673733317556}, {"id": 14, "img_name": "00000014.png", "width": 512, "height": 512, "position": [-1.2470187690632908, 1.0463725041640242, 0.3125280819037915], "rotation": [[-0.6427875104874846, -0.14443229621374026, 0.7523054753035683], [-0.7660445263568572, 0.12119303603760817, -0.6312590844135911], [1.4487883019994856e-08, -0.9820649468474134, -0.1885429398667219]], "fy": 711.0673733317556, "fx": 711.0673733317556}, {"id": 15, "img_name": "00000015.png", "width": 512, "height": 512, "position": [-1.4097739971954057, 0.8139335253785684, 0.31252805163905767], "rotation": [[-0.49999996447425255, -0.16328300137673887, 0.850493208078201], [-0.8660254242952374, 0.0942714788201808, -0.49103243554301995], [-2.6032573869419833e-09, -0.9820649417133575, -0.18854296660851586]], "fy": 711.0673733317556, "fx": 711.0673733317556}, {"id": 16, "img_name": "00000016.png", "width": 512, "height": 512, "position": [-1.529694615024643, 0.5567631018188075, 0.312528060178753], "rotation": [[-0.34201991044139096, -0.17717245718534538, 0.9228392608014513], [-0.9396927055488203, 0.06448544498675764, -0.33588576409725557], [5.77465618220661e-09, -0.9820649407242711, -0.18854297176037366]], "fy": 711.0673733317556, "fx": 711.0673733317556}, {"id": 17, "img_name": "00000017.png", "width": 512, "height": 512, "position": [-1.6031361894109868, 0.2826759441661294, 0.31252803345890734], "rotation": [[-0.17364801234659571, -0.18567853657092712, 0.9671452056774904], [-0.9848077821626289, 0.03274012623749404, -0.1705336222739578], [-2.2703900327993866e-08, -0.9820649495786068, -0.18854292564073477]], "fy": 711.0673733317556, "fx": 711.0673733317556}, {"id": 18, "img_name": "00000018.png", "width": 512, "height": 512, "position": [-1.6278667286220234, -3.532552610999322e-07, 0.3125280736673], "rotation": [[2.5364438830874427e-07, -0.1885429948977845, 0.9820649362821734], [-0.9999999999999676, -3.677282007677249e-08, 2.5121671826956257e-07], [-1.1251855002857306e-08, -0.9820649362822056, -0.18854299489778759]], "fy": 711.0673733317556, "fx": 711.0673733317556}, {"id": 19, "img_name": "00000019.png", "width": 512, "height": 512, "position": [-1.6031361112318008, -0.2826765703239195, 0.31252806227459196], "rotation": [[0.17364842277641918, -0.1856785421894257, 0.967145130907286], [-0.9848077097927604, -0.03274019448393185, 0.17053402709691803], [1.013504458915024e-08, -0.982064946241115, -0.18854294302475472]], "fy": 711.0673733317556, "fx": 711.0673733317556}, {"id": 20, "img_name": "00000020.png", "width": 512, "height": 512, "position": [-1.5296945061074327, -0.5567636895715407, 0.31252800387756025], "rotation": [[0.3420204778078996, -0.17717236883562484, 0.9228390674875165], [-0.939692499044265, -0.06448554455985551, 0.33588632270868474], [4.354257142535289e-09, -0.9820649501249862, -0.18854292279480483]], "fy": 711.0673733317556, "fx": 711.0673733317556}, {"id": 21, "img_name": "00000021.png", "width": 512, "height": 512, "position": [-1.4097739881028362, -0.8139335380570615, 0.3125280104637682], "rotation": [[0.5000002345828998, -0.16328292556514562, 0.8504930638376379], [-0.8660252683478955, -0.09427147044897714, 0.49103271219170613], [-2.606021991654106e-08, -0.9820649551217447, -0.18854289676814806]], "fy": 711.0673733317556, "fx": 711.0673733317556}, {"id": 22, "img_name": "00000022.png", "width": 512, "height": 512, "position": [-1.2470184889342182, -1.0463726212228674, 0.31252803099163134], "rotation": [[0.6427876110085324, -0.1444322772252496, 0.7523053930615358], [-0.7660444420096938, -0.12119305755572218, 0.6312591826392326], [-1.0467147192118321e-08, -0.9820649469845788, -0.188542939152268]], "fy": 711.0673733317556, "fx": 711.0673733317556}, {"id": 23, "img_name": "00000023.png", "width": 512, "height": 512, "position": [-1.0463725097069339, -1.2470186035366222, 0.3125280172024703], "rotation": [[0.766044497889238, -0.12119305476831584, 0.6312591153635319], [-0.6427875444138794, -0.1444322882858871, 0.752305447838095], [3.1909352533025003e-09, -0.9820649457018746, -0.1885429458334986]], "fy": 711.0673733317556, "fx": 711.0673733317556}, {"id": 24, "img_name": "00000024.png", "width": 512, "height": 512, "position": [-0.8139333158723644, -1.4097741845555347, 0.3125280036867058], "rotation": [[0.8660254644733459, -0.09427144291159432, 0.49103237157553226], [-0.49999989488371444, -0.1632829713838988, 0.8504932547482781], [-1.6351627883046797e-09, -0.9820649501470925, -0.18854292267966224]], "fy": 711.0673733317556, "fx": 711.0673733317556}, {"id": 25, "img_name": "00000025.png", "width": 512, "height": 512, "position": [-0.5567622687566841, -1.529694600031392, 0.3125279902984687], "rotation": [[0.9396928469971664, -0.06448535090343631, 0.3358853864359399], [-0.34201952181470574, -0.1771724146403051, 0.9228394130010724], [1.5823521436914048e-09, -0.9820649545775392, -0.18854289960275752]], "fy": 711.0673733317556, "fx": 711.0673733317556}, {"id": 26, "img_name": "00000026.png", "width": 512, "height": 512, "position": [-0.28267609531693044, -1.603136251947305, 0.3125280258768234], "rotation": [[0.9848077581707485, -0.0327401270378223, 0.17053376066999693], [-0.17364814841139115, -0.18567849929144853, 0.9671451884046006], [-3.5726531239724752e-09, -0.9820649566003373, -0.18854288906659195]], "fy": 711.0673733317556, "fx": 711.0673733317556}, {"id": 27, "img_name": "00000027.png", "width": 512, "height": 512, "position": [1.9412109562511447e-08, -1.6278664276419377, 0.3125279891908401], "rotation": [[0.9999999999999999, 2.2483511961629254e-09, -1.1711001903236669e-08], [1.1924875206009483e-08, -0.18854289893453927, 0.982064954705828], [6.673583907979716e-16, -0.982064954705828, -0.1885428989345393]], "fy": 711.0673733317556, "fx": 711.0673733317556}, {"id": 28, "img_name": "00000028.png", "width": 512, "height": 512, "position": [0.2826768661184287, -1.6031359328406183, 0.3125280021728484], "rotation": [[0.9848076760119464, 0.0327402212420193, -0.1705342170386135], [0.17364861435654835, -0.18567850065351968, 0.9671451044838677], [6.964086041074728e-09, -0.9820649532022228, -0.18854290676637886]], "fy": 711.0673733317556, "fx": 711.0673733317556}, {"id": 29, "img_name": "00000029.png", "width": 512, "height": 512, "position": [0.5567636908567366, -1.5296940269094708, 0.31252801044691564], "rotation": [[0.9396925276826159, 0.06448552953560054, -0.33588624547303125], [0.3420203991247543, -0.17717237852153633, 0.9228390947893166], [2.6805177432639335e-09, -0.9820649493641112, -0.18854292675798093]], "fy": 711.0673733317556, "fx": 711.0673733317556}, {"id": 30, "img_name": "00000030.png", "width": 512, "height": 512, "position": [0.8139333158723644, -1.4097741845555347, 0.3125280036867058], "rotation": [[0.8660254644733459, 0.09427144291159432, -0.49103237157553226], [0.49999989488371444, -0.1632829713838988, 0.8504932547482781], [1.6351627883046797e-09, -0.9820649501470925, -0.18854292267966224]], "fy": 711.0673733317556, "fx": 711.0673733317556}, {"id": 31, "img_name": "00000031.png", "width": 512, "height": 512, "position": [1.0463725068834044, -1.2470184909181423, 0.31252801224002474], "rotation": [[0.7660444962761338, 0.12119307383698345, -0.631259113660142], [0.6427875463363026, -0.1444322879584071, 0.752305446258403], [1.1415828938132897e-08, -0.982064943396842, -0.18854295783973637]], "fy": 711.0673733317556, "fx": 711.0673733317556}, {"id": 32, "img_name": "00000032.png", "width": 512, "height": 512, "position": [1.24701898247712, -1.0463724645413472, 0.31252805439793613], "rotation": [[0.6427874227509718, 0.14443228691700105, -0.7523055520525477], [0.7660445999765045, -0.1211930213016253, 0.6312589979038872], [-2.091042741514792e-09, -0.9820649500331984, -0.1885429232729011]], "fy": 711.0673733317556, "fx": 711.0673733317556}, {"id": 33, "img_name": "00000033.png", "width": 512, "height": 512, "position": [1.4097743684300637, -0.8139330942626546, 0.3125279772945765], "rotation": [[0.49999964407267544, 0.16328298341506556, -0.8504933998887194], [0.866025609279077, -0.09427142022913254, 0.491032120538754], [-3.1108819279739886e-08, -0.9820649503240902, -0.18854292175772952]], "fy": 711.0673733317556, "fx": 711.0673733317556}, {"id": 34, "img_name": "00000034.png", "width": 512, "height": 512, "position": [1.52969463895112, -0.5567629292817566, 0.31252797957818584], "rotation": [[0.3420199064239322, 0.1771723897560014, -0.9228392752358953], [0.9396927070110549, -0.06448544422037726, 0.33588576015356225], [-1.7796179911906873e-08, -0.9820649529393908, -0.18854290813539382]], "fy": 711.0673733317556, "fx": 711.0673733317556}, {"id": 35, "img_name": "00000035.png", "width": 512, "height": 512, "position": [1.60313597660082, -0.2826759093918054, 0.3125280290960819], "rotation": [[0.17364813911693752, 0.18567856586254322, -0.9671451772926615], [0.9848077598096109, -0.032740117722384686, 0.1705337529942383], [1.5727928874447526e-08, -0.982064944324332, -0.18854295300871396]], "fy": 711.0673733317556, "fx": 711.0673733317556}, {"id": 36, "img_name": "00000036.png", "width": 512, "height": 512, "position": [1.6278667286220756, 7.368267290265833e-08, 0.31252807366731866], "rotation": [[2.496532063870105e-07, 0.18854299489779808, -0.9820649362821717], [0.9999999999999672, 5.184622696877721e-09, 2.552079004093582e-07], [5.320929781837672e-08, -0.9820649362822037, -0.18854299489779044]], "fy": 711.0673733317556, "fx": 711.0673733317556}, {"id": 37, "img_name": "00000037.png", "width": 512, "height": 512, "position": [-0.0, 8.858299801236055e-22, 1.6575961099999852], "rotation": [[-0.9999999999999998, -0.0, -0.0], [0.0, 0.9999999999999909, 1.3435885599999825e-07], [-0.0, 1.3435885599999825e-07, -0.9999999999999909]], "fy": 711.0673733317556, "fx": 711.0673733317556}, {"id": 38, "img_name": "00000038.png", "width": 512, "height": 512, "position": [-0.0, 8.858299801236055e-22, -1.6575961099999852], "rotation": [[-1.0, -0.0, -0.0], [-0.0, -0.9999999999999908, 1.3435885599999823e-07], [0.0, 1.3435885599999823e-07, 0.9999999999999909]], "fy": 711.0673733317556, "fx": 711.0673733317556}, {"id": 39, "img_name": "00000039.png", "width": 512, "height": 512, "position": [1.655328397324994, -8.379632298339171e-08, 0.08667283157510712], "rotation": [[1.5518570337432938e-07, 0.05228828371166533, -0.9986320320250417], [0.9999999999999863, 4.463192094278043e-08, 1.5773520643251483e-07], [5.281856891158356e-08, -0.9986320320250527, -0.0522882837116574]], "fy": 711.0673733317556, "fx": 711.0673733317556}, {"id": 40, "img_name": "00000040.png", "width": 512, "height": 512, "position": [1.433556484598853, 0.8276642517151965, 0.08667279129979835], "rotation": [[-0.5000000174071093, 0.04528294746636729, -0.8648407005117463], [0.8660253937344389, 0.026144123300260055, -0.49931603441504924], [1.5373079943615478e-10, -0.9986320340774268, -0.0522882445142402]], "fy": 711.0673733317556, "fx": 711.0673733317556}, {"id": 41, "img_name": "00000041.png", "width": 512, "height": 512, "position": [0.8276641769198124, 1.4335566917578115, 0.08667277857117725], "rotation": [[-0.8660253999802906, 0.02614413296392826, -0.4993160230761093], [0.500000006588977, 0.04528294121851879, -0.8648407070932905], [-1.231644475751859e-08, -0.9986320341077409, -0.05228824393527876]], "fy": 711.0673733317556, "fx": 711.0673733317556}, {"id": 42, "img_name": "00000042.png", "width": 512, "height": 512, "position": [-7.235671121727217e-08, 1.6553285683694288, 0.08667275534056146], "rotation": [[-0.9999999999999987, -2.2855916996813794e-09, 4.365159683435994e-08], [-4.371139251507729e-08, 0.05228822282063521, -0.9986320352132999], [6.689679081468151e-16, -0.9986320352133008, -0.05228822282063475]], "fy": 711.0673733317556, "fx": 711.0673733317556}, {"id": 43, "img_name": "00000043.png", "width": 512, "height": 512, "position": [-0.8276643886545422, 1.4335564998571098, 0.08667285852142749], "rotation": [[-0.8660253589663416, -0.02614415313549073, 0.49931609315547526], [-0.5000000776272132, 0.04528298526672474, -0.8648406637167996], [3.460213477153031e-09, -0.9986320315822848, -0.0522882921679259]], "fy": 711.0673733317556, "fx": 711.0673733317556}, {"id": 44, "img_name": "00000044.png", "width": 512, "height": 512, "position": [-1.4335567911625282, 0.8276639816282941, 0.08667277054373874], "rotation": [[-0.4999998543678634, -0.04528294943211296, 0.8648407946685011], [-0.8660254878651757, 0.02614410225191777, -0.49931587225455376], [9.22651116548475e-09, -0.9986320345393342, -0.052288235692457226]], "fy": 711.0673733317556, "fx": 711.0673733317556}, {"id": 45, "img_name": "00000045.png", "width": 512, "height": 512, "position": [-1.655328398343022, -2.285014879272735e-07, 0.08667283069715548], "rotation": [[1.550429336985856e-07, -0.052288271982015, 0.9986320326392053], [-0.9999999999999866, 4.2004184830953273e-08, 1.57454652724866e-07], [-5.017975609617202e-08, -0.9986320326392163, -0.05228827198200787]], "fy": 711.0673733317556, "fx": 711.0673733317556}, {"id": 46, "img_name": "00000046.png", "width": 512, "height": 512, "position": [-1.4335563307699524, -0.8276649994978491, 0.08667279822120195], "rotation": [[0.5000003195637333, -0.04528292705323521, 0.8648405268913201], [-0.8660252192841521, -0.026144167007944155, 0.49931633469705056], [3.000970972949408e-08, -0.9986320338587943, -0.052288248689805965]], "fy": 711.0673733317556, "fx": 711.0673733317556}, {"id": 47, "img_name": "00000047.png", "width": 512, "height": 512, "position": [-0.8276641158631652, -1.4335566872367775, 0.08667283479083489], "rotation": [[0.8660253995963637, -0.026144123290493853, 0.4993160242485012], [-0.500000007253958, -0.0452829859667356, 0.864840704365826], [1.8517433442621188e-08, -0.9986320323318834, -0.05228827785165403]], "fy": 711.0673733317556, "fx": 711.0673733317556}, {"id": 48, "img_name": "00000048.png", "width": 512, "height": 512, "position": [1.973959057979332e-08, -1.6553282348105152, 0.08667278816382414], "rotation": [[0.9999999999999999, 6.235312103937079e-10, -1.1908564954019663e-08], [1.1924877795367143e-08, -0.052288246322357776, 0.998632033982754], [2.6322561873159103e-16, -0.9986320339827541, -0.052288246322357776]], "fy": 711.0673733317556, "fx": 711.0673733317556}, {"id": 49, "img_name": "00000049.png", "width": 512, "height": 512, "position": [0.8276646063863345, -1.4335561101475498, 0.08667282876688821], "rotation": [[0.8660252680971592, 0.026144132808526767, -0.4993162518253671], [0.5000002350171879, -0.04528297234917232, 0.8648405733995028], [-1.721574143304502e-08, -0.9986320327001902, -0.05228827081751215]], "fy": 711.0673733317556, "fx": 711.0673733317556}, {"id": 50, "img_name": "00000050.png", "width": 512, "height": 512, "position": [1.4335567397101427, -0.8276639128482847, 0.08667283885596873], "rotation": [[0.4999999083018076, 0.04528297273439472, -0.8648407622669736], [0.866025456726408, -0.026144131114439535, 0.49931592475114095], [-8.754647182118321e-10, -0.9986320327270736, -0.05228827030408379]], "fy": 711.0673733317556, "fx": 711.0673733317556}]