[{"id": 0, "img_name": "00000000.png", "width": 512, "height": 512, "position": [1.4355603881166885, -1.7258273288793644e-07, 0.5512156964046042], "rotation": [[2.40227547706463e-07, 0.3584562216619044, -0.9335465372180508], [0.99999999999997, -4.4942597311925125e-08, 2.400711531728087e-07], [4.409899212277792e-08, -0.9335465372180806, -0.3584562216619042]], "fy": 711.0673733317556, "fx": 711.0673733317556}, {"id": 1, "img_name": "00000001.png", "width": 512, "height": 512, "position": [1.4137510489999614, 0.24928258601233694, 0.551215650052828], "rotation": [[-0.1736479993757663, 0.35301044155259537, -0.9193639107924757], [0.9848077844497332, 0.06224523590896421, -0.16210847693395025], [3.849159285548393e-08, -0.9335465487920133, -0.35845619151929753]], "fy": 711.0673733317556, "fx": 711.0673733317556}, {"id": 2, "img_name": "00000002.png", "width": 512, "height": 512, "position": [1.3489856782801821, 0.4909906260767158, 0.5512157191478428], "rotation": [[-0.3420203481340332, 0.3368385881069082, -0.8772467423846149], [0.9396925462417327, 0.1225992463605653, -0.3192919405959852], [-5.6975651833991444e-08, -0.9335465657126943, -0.3584561474518612]], "fy": 711.0673733317556, "fx": 711.0673733317556}, {"id": 3, "img_name": "00000003.png", "width": 512, "height": 512, "position": [1.2432319717388156, 0.7177802877716967, 0.5512156878157844], "rotation": [[-0.4999998486139176, 0.31043217287461045, -0.8084751186217215], [0.8660254911872142, 0.1792280884303631, -0.46677311504792374], [5.771030455615592e-08, -0.9335465485780267, -0.3584561920765918]], "fy": 711.0673733317556, "fx": 711.0673733317556}, {"id": 4, "img_name": "00000004.png", "width": 512, "height": 512, "position": [1.0997032899271548, 0.9227605962254091, 0.5512156926912075], "rotation": [[-0.6427875792116713, 0.27459333856071105, -0.7151381869466078], [0.766044468690427, 0.230411144977403, -0.6000721425453803], [-4.5273831097825815e-09, -0.9335465723188555, -0.35845613024708467]], "fy": 711.0673733317556, "fx": 711.0673733317556}, {"id": 5, "img_name": "00000005.png", "width": 512, "height": 512, "position": [0.9227604671846668, 1.0997032277616041, 0.5512156597392416], "rotation": [[-0.7660445568750579, 0.2304111092449552, -0.6000720436902602], [0.642787474117298, 0.2745933381756551, -0.7151382815564095], [-1.909414726058403e-08, -0.9335465812513373, -0.35845610698374214]], "fy": 711.0673733317556, "fx": 711.0673733317556}, {"id": 6, "img_name": "00000006.png", "width": 512, "height": 512, "position": [0.7177802153097983, 1.243231923984817, 0.5512156373602001], "rotation": [[-0.8660253984369608, 0.17922810190968474, -0.46677328195597834], [0.5000000092621034, 0.3104321655011182, -0.8084750221003631], [-2.9367801913230974e-09, -0.9335465484420891, -0.35845619243062604]], "fy": 711.0673733317556, "fx": 711.0673733317556}, {"id": 7, "img_name": "00000007.png", "width": 512, "height": 512, "position": [0.4909905362144901, 1.3489857898384163, 0.551215706993782], "rotation": [[-0.9396926335347121, 0.12259922590039098, -0.31929169154430115], [0.34202010829861457, 0.33683868185457355, -0.8772467998949196], [1.3916187116952139e-08, -0.9335465345739856, -0.35845622854806297]], "fy": 711.0673733317556, "fx": 711.0673733317556}, {"id": 8, "img_name": "00000008.png", "width": 512, "height": 512, "position": [0.24928235869266946, 1.4137511372841625, 0.5512156286702485], "rotation": [[-0.9848077644234137, 0.06224523446042466, -0.16210859914984116], [0.173648112950752, 0.3530104014552042, -0.9193639047368991], [-1.395736317498617e-10, -0.9335465640509862, -0.358456151779541]], "fy": 711.0673733317556, "fx": 711.0673733317556}, {"id": 9, "img_name": "00000009.png", "width": 512, "height": 512, "position": [-6.275034524327767e-08, 1.4355605686860085, 0.5512157027145526], "rotation": [[-0.999999999999999, -1.5668619454183183e-08, 4.080662199808334e-08], [-4.371139479008261e-08, 0.35845622576527564, -0.9335465356424991], [-2.2979098486963884e-15, -0.9335465356425001, -0.3584562257652758]], "fy": 711.0673733317556, "fx": 711.0673733317556}, {"id": 10, "img_name": "00000010.png", "width": 512, "height": 512, "position": [-0.24928266671111635, 1.4137512483586134, 0.5512157214371181], "rotation": [[-0.9848077294160089, -0.062245305180153185, 0.16210878466484846], [-0.17364831148757126, 0.3530104165654476, -0.9193638614356149], [-5.476792690171974e-09, -0.9335465536218954, -0.35845617894058013]], "fy": 711.0673733317556, "fx": 711.0673733317556}, {"id": 11, "img_name": "00000011.png", "width": 512, "height": 512, "position": [-0.4909905941649569, 1.3489856480601592, 0.5512156949313622], "rotation": [[-0.9396926063063028, -0.1225992401553215, 0.3192917662054654], [-0.3420201831080551, 0.33683864277831055, -0.8772467857324975], [-1.5819436306046213e-08, -0.9335465468012849, -0.35845619670385975]], "fy": 711.0673733317556, "fx": 711.0673733317556}, {"id": 12, "img_name": "00000012.png", "width": 512, "height": 512, "position": [-0.7177803339668806, 1.243231772257849, 0.5512156520764135], "rotation": [[-0.8660253363339134, -0.17922813860457237, 0.4667733830887013], [-0.5000001168277177, 0.31043215536576124, -0.8084749594682795], [-5.2856867575107855e-09, -0.9335465447674839, -0.35845620200059525]], "fy": 711.0673733317556, "fx": 711.0673733317556}, {"id": 13, "img_name": "00000013.png", "width": 512, "height": 512, "position": [-0.922760656963415, 1.0997033747679104, 0.5512157124148827], "rotation": [[-0.766044563570538, -0.2304111042954592, 0.6000720370433625], [-0.6427874661379314, 0.2745933111160571, -0.7151382991186375], [3.766400753096718e-08, -0.9335465904322436, -0.3584560830734097]], "fy": 711.0673733317556, "fx": 711.0673733317556}, {"id": 14, "img_name": "00000014.png", "width": 512, "height": 512, "position": [-1.0997032622045977, 0.9227602621011624, 0.5512155842373652], "rotation": [[-0.6427873496591651, -0.27459340199394455, 0.7151383689185874], [-0.7660446613077753, 0.23041111237723683, -0.6000719091700093], [-4.010618016983848e-08, -0.93354656170674, -0.35845615788478513]], "fy": 711.0673733317556, "fx": 711.0673733317556}, {"id": 15, "img_name": "00000015.png", "width": 512, "height": 512, "position": [-1.243231743679435, 0.7177802847010402, 0.5512156466215115], "rotation": [[-0.49999990165795904, -0.31043218051325566, 0.8084750828837064], [-0.866025460562234, 0.1792280879531851, -0.4667731720510675], [-2.9658137310833832e-08, -0.93354654612956, -0.358456198453267]], "fy": 711.0673733317556, "fx": 711.0673733317556}, {"id": 16, "img_name": "00000016.png", "width": 512, "height": 512, "position": [-1.3489858186799808, 0.49099046688253456, 0.551215690192111], "rotation": [[-0.3420198196673847, -0.3368386656437807, 0.8772469186506197], [-0.9396927385878252, 0.12259916832196016, -0.31929140447571835], [-5.200443859681509e-08, -0.9335465479846631, -0.35845619362192116]], "fy": 711.0673733317556, "fx": 711.0673733317556}, {"id": 17, "img_name": "00000017.png", "width": 512, "height": 512, "position": [-1.4137511193862329, 0.2492823409879157, 0.5512157009109265], "rotation": [[-0.17364812467766905, -0.35301035186102137, 0.919363921564734], [-0.9848077623556429, 0.06224522094788365, -0.16210861689996803], [9.462251674451014e-09, -0.9335465837054447, -0.35845610059237765]], "fy": 711.0673733317556, "fx": 711.0673733317556}, {"id": 18, "img_name": "00000018.png", "width": 512, "height": 512, "position": [-1.4355603881166745, -2.980834088278535e-07, 0.5512156964045987], "rotation": [[2.40227547706463e-07, -0.3584562216619044, 0.9335465372180508], [-0.99999999999997, -4.4942597311925125e-08, 2.400711531728087e-07], [-4.409899212277792e-08, -0.9335465372180806, -0.3584562216619042]], "fy": 711.0673733317556, "fx": 711.0673733317556}, {"id": 19, "img_name": "00000019.png", "width": 512, "height": 512, "position": [-1.4137510306282088, -0.24928283466169926, 0.551215690112241], "rotation": [[0.17364835760935457, -0.3530103561617151, 0.9193638759175567], [-0.9848077212834861, -0.06224534710867093, 0.1621088179703632], [3.200698887535636e-08, -0.9335465736672701, -0.35845612673533545]], "fy": 711.0673733317556, "fx": 711.0673733317556}, {"id": 20, "img_name": "00000020.png", "width": 512, "height": 512, "position": [-1.3489852301913463, -0.49099100370180937, 0.5512156331571021], "rotation": [[0.34202053507722274, -0.336838586635757, 0.8772466700641932], [-0.9396924781999106, -0.12259937391994731, 0.31929209186722207], [-4.4253005642123135e-09, -0.9335465494915943, -0.3584561896973428]], "fy": 711.0673733317556, "fx": 711.0673733317556}, {"id": 21, "img_name": "00000021.png", "width": 512, "height": 512, "position": [-1.2432319093633768, -0.7177803179311883, 0.5512156710838105], "rotation": [[0.4999999242869916, -0.31043215663111995, 0.8084750780589061], [-0.8660254474973591, -0.17922809480327184, 0.4667731936606774], [3.877074486021803e-08, -0.9335465527559627, -0.3584561811957736]], "fy": 711.0673733317556, "fx": 711.0673733317556}, {"id": 22, "img_name": "00000022.png", "width": 512, "height": 512, "position": [-1.0997031272102715, -0.9227604003946273, 0.5512156738016271], "rotation": [[0.6427875943956501, -0.2745933753628957, 0.7151381591677687], [-0.766044455949557, -0.23041118027573768, 0.6000721452566249], [-8.513206504670387e-09, -0.9335465527817843, -0.3584561811285259]], "fy": 711.0673733317556, "fx": 711.0673733317556}, {"id": 23, "img_name": "00000023.png", "width": 512, "height": 512, "position": [-0.9227600699467398, -1.0997031770879602, 0.5512155943678404], "rotation": [[0.7660446373101519, -0.23041108479452863, 0.6000719503960891], [-0.6427873782584392, -0.27459338804915684, 0.7151383485671338], [-1.2738993389884625e-08, -0.9335465726162212, -0.35845612947264005]], "fy": 711.0673733317556, "fx": 711.0673733317556}, {"id": 24, "img_name": "00000024.png", "width": 512, "height": 512, "position": [-0.7177800293308887, -1.2432318240864115, 0.5512156542232566], "rotation": [[0.8660254577900999, -0.17922805717143814, 0.466773189013679], [-0.4999999064594392, -0.31043216569721743, 0.8084750856031914], [-6.909259162367786e-09, -0.9335465569660075, -0.358456170231331]], "fy": 711.0673733317556, "fx": 711.0673733317556}, {"id": 25, "img_name": "00000025.png", "width": 512, "height": 512, "position": [-0.49098974959543773, -1.3489857470134268, 0.5512156480322017], "rotation": [[0.9396928361539, -0.12259898627322723, 0.31929118723481337], [-0.342019551606395, -0.33683863355629007, 0.8772470354825322], [9.953387991575504e-09, -0.9335465834701059, -0.3584561012052822]], "fy": 711.0673733317556, "fx": 711.0673733317556}, {"id": 26, "img_name": "00000026.png", "width": 512, "height": 512, "position": [-0.2492823567852939, -1.4137509587683, 0.5512155786245923], "rotation": [[0.9848077577804403, -0.06224525427538476, 0.16210863189742394], [-0.17364815062493988, -0.3530104248246565, 0.919363888647827], [-2.0066370276258355e-09, -0.9335465538928996, -0.3584561782347903]], "fy": 711.0673733317556, "fx": 711.0673733317556}, {"id": 27, "img_name": "00000027.png", "width": 512, "height": 512, "position": [1.7118892997001793e-08, -1.4355607683865064, 0.5512157553164585], "rotation": [[0.9999999999999999, 4.2745484759185376e-09, -1.1132433848953286e-08], [1.1924883566488096e-08, -0.35845625997234437, 0.9335465225079244], [-7.369000270163154e-16, -0.9335465225079246, -0.35845625997234437]], "fy": 711.0673733317556, "fx": 711.0673733317556}, {"id": 28, "img_name": "00000028.png", "width": 512, "height": 512, "position": [0.249283174371353, -1.4137512512772212, 0.5512156800554925], "rotation": [[0.9848076693185905, 0.06224542798038108, -0.1621091026032307], [0.17364865231635285, -0.3530103675867645, 0.9193638158666957], [2.891717282502991e-10, -0.9335465639547907, -0.35845615203006825]], "fy": 711.0673733317556, "fx": 711.0673733317556}, {"id": 29, "img_name": "00000029.png", "width": 512, "height": 512, "position": [0.4909910531563117, -1.3489851423921773, 0.5512155881156112], "rotation": [[0.93969249711114, 0.12259936333739088, -0.319292040273942], [0.34202048311911104, -0.3368385848574262, 0.8772466910044265], [6.804860513576215e-09, -0.9335465515230144, -0.3584561844068074]], "fy": 711.0673733317556, "fx": 711.0673733317556}, {"id": 30, "img_name": "00000030.png", "width": 512, "height": 512, "position": [0.7177800293308887, -1.2432318240864115, 0.5512156542232566], "rotation": [[0.8660254577900999, 0.17922805717143814, -0.466773189013679], [0.4999999064594392, -0.31043216569721743, 0.8084750856031914], [6.909259162367786e-09, -0.9335465569660075, -0.358456170231331]], "fy": 711.0673733317556, "fx": 711.0673733317556}, {"id": 31, "img_name": "00000031.png", "width": 512, "height": 512, "position": [0.9227601012659697, -1.0997031299813036, 0.5512156477538016], "rotation": [[0.7660446207036357, 0.2304111391287863, -0.6000719507329085], [0.642787398049326, -0.27459342150179794, 0.71513831793361], [2.4370719591720872e-08, -0.933546549366078, -0.3584561900242321]], "fy": 711.0673733317556, "fx": 711.0673733317556}, {"id": 32, "img_name": "00000032.png", "width": 512, "height": 512, "position": [1.0997034344255041, -0.9227602342455256, 0.5512156984373526], "rotation": [[0.6427873976012562, 0.2745934045593509, -0.7151383248417815], [0.7660446210796106, -0.23041111880829973, 0.6000719580554513], [-1.9586445839215952e-08, -0.9335465593648835, -0.358456163983809]], "fy": 711.0673733317556, "fx": 711.0673733317556}, {"id": 33, "img_name": "00000033.png", "width": 512, "height": 512, "position": [1.2432321182841626, -0.7177799294307033, 0.5512156804905842], "rotation": [[0.49999973264540987, 0.31043220782995523, -0.8084751769203169], [0.8660255581416278, -0.17922801468943655, 0.46677301913881525], [-2.199840318274079e-08, -0.9335465511115671, -0.35845618547836067]], "fy": 711.0673733317556, "fx": 711.0673733317556}, {"id": 34, "img_name": "00000034.png", "width": 512, "height": 512, "position": [1.348985561850615, -0.49099038966473285, 0.5512156874682212], "rotation": [[0.3420199735796154, 0.33683868389852195, -0.877246851634197], [0.9396926825684019, -0.12259918315968993, 0.319291563646736], [2.638905440026298e-09, -0.933546539449474, -0.3584562158505716]], "fy": 711.0673733317556, "fx": 711.0673733317556}, {"id": 35, "img_name": "00000035.png", "width": 512, "height": 512, "position": [1.4137511183477798, -0.24928220473021884, 0.5512157203174645], "rotation": [[0.17364801723511064, 0.3530104064714435, -0.919363920889427], [0.9848077813006529, -0.06224518546994157, 0.16210851543178714], [1.5154922071825165e-08, -0.9335465654206427, -0.3584561482124708]], "fy": 711.0673733317556, "fx": 711.0673733317556}, {"id": 36, "img_name": "00000036.png", "width": 512, "height": 512, "position": [1.4355606109421049, 2.2613749150019198e-07, 0.55121572952415], "rotation": [[-3.5926088602584005e-07, 0.35845615419958066, -0.9335465631216887], [0.9999999999999325, 6.21725037374488e-08, -3.609619304235097e-07], [-7.13480983172021e-08, -0.9335465631217559, -0.35845615419957877]], "fy": 711.0673733317556, "fx": 711.0673733317556}, {"id": 37, "img_name": "00000037.png", "width": 512, "height": 512, "position": [-0.0, 8.383683680908449e-22, 1.537749289999986], "rotation": [[-0.9999999999999998, -0.0, -0.0], [0.0, 0.9999999999999909, 1.3435885599999825e-07], [-0.0, 1.3435885599999825e-07, -0.9999999999999909]], "fy": 711.0673733317556, "fx": 711.0673733317556}, {"id": 38, "img_name": "00000038.png", "width": 512, "height": 512, "position": [-0.0, 8.383683680908448e-22, -1.537749289999986], "rotation": [[-1.0, -0.0, -0.0], [-0.0, -0.9999999999999908, 1.3435885599999823e-07], [0.0, 1.3435885599999823e-07, 0.9999999999999909]], "fy": 711.0673733317556, "fx": 711.0673733317556}, {"id": 39, "img_name": "00000039.png", "width": 512, "height": 512, "position": [1.5319270977096482, -3.203770803116203e-10, -0.13368588176466759], "rotation": [[5.698696841495187e-09, -0.08693607634997413, -0.9962138920075705], [1.0, 2.481809531554389e-10, 5.698696851147029e-09], [-2.481810637573993e-10, -0.9962138920075705, 0.08693607634997418]], "fy": 711.0673733317556, "fx": 711.0673733317556}, {"id": 40, "img_name": "00000040.png", "width": 512, "height": 512, "position": [1.326687968671765, 0.7659635673312424, -0.133685852507532], "rotation": [[-0.4999999624521342, -0.07528882419836555, -0.862746562148289], [0.8660254254627078, -0.043468034094366156, -0.49810690866932056], [-1.3499463267260983e-08, -0.9962138941827697, 0.08693605142402788]], "fy": 711.0673733317556, "fx": 711.0673733317556}, {"id": 41, "img_name": "00000041.png", "width": 512, "height": 512, "position": [0.7659635409012486, 1.3266879121958386, -0.13368589374275539], "rotation": [[-0.8660254541705175, -0.043468037246624354, -0.49810685848186764], [0.49999991272874145, -0.07528885334206022, -0.8627465884219356], [6.62300715469784e-09, -0.9962138918426925, 0.08693607823933686]], "fy": 711.0673733317556, "fx": 711.0673733317556}, {"id": 42, "img_name": "00000042.png", "width": 512, "height": 512, "position": [-6.69626594578946e-08, 1.5319270943026977, -0.13368588405321308], "rotation": [[-0.9999999999999991, 3.800098513529156e-09, 4.3545906047468264e-08], [-4.371140219905396e-08, -0.08693610173821754, -0.9962138897920267], [3.966697840596756e-16, -0.9962138897920276, 0.08693610173821761]], "fy": 711.0673733317556, "fx": 711.0673733317556}, {"id": 43, "img_name": "00000043.png", "width": 512, "height": 512, "position": [-0.7659636942658459, 1.326687926630205, -0.13368588556463554], "rotation": [[-0.8660254003194366, 0.04346803539131715, 0.4981069522710737], [-0.5000000060015585, -0.07528884827224633, -0.8627465348086191], [1.8440906906326943e-09, -0.9962138923067966, 0.08693607292109638]], "fy": 711.0673733317556, "fx": 711.0673733317556}, {"id": 44, "img_name": "00000044.png", "width": 512, "height": 512, "position": [-1.3266880923176216, 0.7659633127159433, -0.1336858787268071], "rotation": [[-0.49999989812297646, 0.07528885165042887, 0.8627465970342463], [-0.8660254626031572, -0.04346802064683654, -0.4981068452691986], [-5.486663149459609e-09, -0.9962138926948396, 0.08693606847444912]], "fy": 711.0673733317556, "fx": 711.0673733317556}, {"id": 45, "img_name": "00000045.png", "width": 512, "height": 512, "position": [-1.531927097709648, -1.3424570344291787e-07, -0.13368588176466725], "rotation": [[5.927919116547712e-09, 0.08693607634997394, 0.9962138920075706], [-1.0, 5.511548151172079e-09, 5.469474806950266e-09], [-5.015186225557516e-09, -0.9962138920075705, 0.08693607634997398]], "fy": 711.0673733317556, "fx": 711.0673733317556}, {"id": 46, "img_name": "00000046.png", "width": 512, "height": 512, "position": [-1.326687220418033, -0.7659642148984419, -0.13368583841176995], "rotation": [[0.5000005885179062, 0.07528879114431483, 0.8627462021995665], [-0.8660250640032005, 0.04346808481262117, 0.4981075326884502], [-1.1092986812154256e-08, -0.9962138944678247, 0.08693604815753574]], "fy": 711.0673733317556, "fx": 711.0673733317556}, {"id": 47, "img_name": "00000047.png", "width": 512, "height": 512, "position": [-0.7659630456722825, -1.3266875450631714, -0.13368585919627288], "rotation": [[0.8660256136885862, 0.04346800651910378, 0.498106583819731], [-0.49999963643517514, 0.07528884040726544, 0.862746749675026], [1.4244197714662976e-08, -0.9962138941609798, 0.0869360516737178]], "fy": 711.0673733317556, "fx": 711.0673733317556}, {"id": 48, "img_name": "00000048.png", "width": 512, "height": 512, "position": [1.8268044814740583e-08, -1.5319268919432922, -0.13368588290615152], "rotation": [[0.9999999999999999, -1.0367025188007492e-09, -1.1879732168501419e-08], [1.1924881068917005e-08, 0.08693609709228331, 0.9962138901974621], [9.999915789631668e-17, -0.9962138901974622, 0.08693609709228331]], "fy": 711.0673733317556, "fx": 711.0673733317556}, {"id": 49, "img_name": "00000049.png", "width": 512, "height": 512, "position": [0.7659642385513702, -1.3266876591230552, -0.13368589439475326], "rotation": [[0.8660252229045541, -0.0434680714344191, -0.4981072575850404], [0.5000003132930192, 0.07528883409330389, 0.8627463579568179], [-5.64046111866082e-09, -0.9962138918056921, 0.08693607866333036]], "fy": 711.0673733317556, "fx": 711.0673733317556}, {"id": 50, "img_name": "00000050.png", "width": 512, "height": 512, "position": [1.3266879579967272, -0.7659632123742727, -0.1336858582083066], "rotation": [[0.49999996009494946, -0.07528884001596481, -0.8627465621340369], [0.8660254268236292, 0.04346801411191228, 0.49810690804697516], [-1.1572949403268784e-08, -0.9962138938592542, 0.08693605513124462]], "fy": 711.0673733317556, "fx": 711.0673733317556}]