[{"id": 0, "img_name": "00000000.png", "width": 512, "height": 512, "position": [1.8696712536135311, -5.133587676130317e-09, 0.4242150477177869], "rotation": [[3.793288856084633e-08, 0.22126881288940245, -0.9752128549411727], [0.9999999999999989, -4.2493472026701295e-09, 3.7932888324743456e-08], [4.249346914707653e-09, -0.9752128549411733, -0.2212688128894023]], "fy": 711.0673733317556, "fx": 711.0673733317556}, {"id": 1, "img_name": "00000001.png", "width": 512, "height": 512, "position": [1.8412668557041074, 0.32466509762179596, 0.42421507530181796], "rotation": [[-0.17364786269967297, 0.21790729794912117, -0.9603972247358633], [0.9848078085493812, 0.03842289248478476, -0.16934361975955278], [2.8701984200313825e-08, -0.9752128438621055, -0.2212688617189133]], "fy": 711.0673733317556, "fx": 711.0673733317556}, {"id": 2, "img_name": "00000002.png", "width": 512, "height": 512, "position": [1.7569162175399262, 0.6394652611119829, 0.42421502787654614], "rotation": [[-0.34202000081532785, 0.20792471145294453, -0.9164003674210811], [0.9396926726554179, 0.07567838039372352, -0.33354229671617364], [9.796577646640107e-09, -0.975212847079135, -0.22126884754028792]], "fy": 711.0673733317556, "fx": 711.0673733317556}, {"id": 3, "img_name": "00000003.png", "width": 512, "height": 512, "position": [1.619183069414724, 0.93483576306513, 0.42421507926559343], "rotation": [[-0.4999999377454394, 0.19162443692317777, -0.8445591379106802], [0.8660254397271223, 0.11063443685008943, -0.487606356734926], [3.105985269575899e-08, -0.9752128467964, -0.2212688487864035]], "fy": 711.0673733317556, "fx": 711.0673733317556}, {"id": 4, "img_name": "00000004.png", "width": 512, "height": 512, "position": [1.4322512261363802, 1.2018014518652929, 0.4242150284569329], "rotation": [[-0.642787486628481, 0.16950176413227597, -0.747056489825158], [0.7660445463769319, 0.1422288590397842, -0.6268546120292982], [2.959267884800194e-08, -0.9752128504138404, -0.22126883284301826]], "fy": 711.0673733317556, "fx": 711.0673733317556}, {"id": 5, "img_name": "00000005.png", "width": 512, "height": 512, "position": [1.2018014353853002, 1.4322514542141656, 0.42421502763339214], "rotation": [[-0.7660445580232865, 0.14222881396132261, -0.626854608024909], [0.6427874727488914, 0.16950176223462746, -0.7470565021980925], [4.5538971795944403e-10, -0.9752128573180887, -0.22126880241346392]], "fy": 711.0673733317556, "fx": 711.0673733317556}, {"id": 6, "img_name": "00000006.png", "width": 512, "height": 512, "position": [0.934835597146011, 1.6191830693111362, 0.42421501882488744], "rotation": [[-0.8660254364895947, 0.11063438384554138, -0.48760637451137107], [0.4999999433530027, 0.19162442252966222, -0.8445591378566497], [1.009963150133742e-08, -0.9752128556378299, -0.22126880981898195]], "fy": 711.0673733317556, "fx": 711.0673733317556}, {"id": 7, "img_name": "00000007.png", "width": 512, "height": 512, "position": [0.63946500018118, 1.756916359173616, 0.4242150169114331], "rotation": [[-0.9396926739842812, 0.07567835223994505, -0.33354229936024293], [0.3420199971643048, 0.20792466772567167, -0.9164003787051258], [1.114469459682462e-09, -0.9752128585869938, -0.22126879682093473]], "fy": 711.0673733317556, "fx": 711.0673733317556}, {"id": 8, "img_name": "00000008.png", "width": 512, "height": 512, "position": [0.3246648810478306, 1.8412668684792326, 0.42421499523243283], "rotation": [[-0.9848077658940209, 0.038422908811729876, -0.16934386411462662], [0.17364810461052435, 0.2179072176889904, -0.9603971992067738], [-3.746241863451766e-09, -0.9752128611526247, -0.2212687855132568]], "fy": 711.0673733317556, "fx": 711.0673733317556}, {"id": 9, "img_name": "00000009.png", "width": 512, "height": 512, "position": [-8.172592907073613e-08, 1.8696712404605313, 0.42421504817209904], "rotation": [[-0.9999999999999988, -9.671966935366681e-09, 4.262790951529977e-08], [-4.371138998068362e-08, 0.2212688431263686, -0.9752128480806209], [-1.8017653598935824e-15, -0.975212848080622, -0.22126884312636858]], "fy": 711.0673733317556, "fx": 711.0673733317556}, {"id": 10, "img_name": "00000010.png", "width": 512, "height": 512, "position": [-0.3246652088174076, 1.8412668091264448, 0.424215063016754], "rotation": [[-0.98480773542055, -0.038422946900806366, 0.1693440326888021], [-0.17364827743415215, 0.21790721641150587, -0.9603971682486059], [2.6201850323958974e-09, -0.9752128599373817, -0.22126879086927992]], "fy": 711.0673733317556, "fx": 711.0673733317556}, {"id": 11, "img_name": "00000011.png", "width": 512, "height": 512, "position": [-0.639465286775162, 1.7569163981761864, 0.42421513045510617], "rotation": [[-0.9396926375748148, -0.07567839117934327, 0.3335423931019773], [-0.34202009719852383, 0.20792468937919545, -0.9164003364572042], [4.658767984484948e-09, -0.9752128509484845, -0.22126883048664717]], "fy": 711.0673733317556, "fx": 711.0673733317556}, {"id": 12, "img_name": "00000012.png", "width": 512, "height": 512, "position": [-0.9348357608155508, 1.6191829634299544, 0.4242150146142816], "rotation": [[-0.8660253738602349, -0.11063441110174041, 0.4876064795615532], [-0.5000000518302374, 0.1916243904008898, -0.8445590809252168], [2.157281939001045e-09, -0.9752128588588537, -0.22126879562274815]], "fy": 711.0673733317556, "fx": 711.0673733317556}, {"id": 13, "img_name": "00000013.png", "width": 512, "height": 512, "position": [-1.2018015263810289, 1.4322513613078445, 0.42421500265787204], "rotation": [[-0.7660443705106975, -0.14222884603493105, 0.6268548298963966], [-0.6427876962177077, 0.16950173398085897, -0.7470563163300433], [-2.282698707284258e-08, -0.9752128575511368, -0.22126880138633495]], "fy": 711.0673733317556, "fx": 711.0673733317556}, {"id": 14, "img_name": "00000014.png", "width": 512, "height": 512, "position": [-1.4322516428726897, 1.2018012848268622, 0.4242150314967337], "rotation": [[-0.6427874516153862, -0.16950176648040705, 0.7470565194185905], [-0.7660445757563962, 0.14222878870047775, -0.6268545920857546], [1.683718936044261e-08, -0.9752128602642688, -0.22126878942856631]], "fy": 711.0673733317556, "fx": 711.0673733317556}, {"id": 15, "img_name": "00000015.png", "width": 512, "height": 512, "position": [-1.6191829699562426, 0.9348357621675816, 0.42421501563275377], "rotation": [[-0.4999999946067701, -0.19162437926626733, 0.8445591173293008], [-0.8660254068982204, 0.11063443144993364, -0.48760641626676904], [-4.0928216207497235e-08, -0.9752128587383205, -0.22126879615397804]], "fy": 711.0673733317556, "fx": 711.0673733317556}, {"id": 16, "img_name": "00000016.png", "width": 512, "height": 512, "position": [-1.7569163487237993, 0.6394649689668604, 0.4242150329846192], "rotation": [[-0.34202000466302535, -0.20792467941357187, 0.9164003732545437], [-0.9396926712549712, 0.07567837972568603, -0.33354230081324193], [-1.9460459258761552e-08, -0.9752128539620764, -0.22126881720464234]], "fy": 711.0673733317556, "fx": 711.0673733317556}, {"id": 17, "img_name": "00000017.png", "width": 512, "height": 512, "position": [-1.8412667322161338, 0.32466481400685265, 0.42421501425496694], "rotation": [[-0.17364787266522647, -0.21790727503746193, 0.9603972281325001], [-0.9848078067921883, 0.03842289985600393, -0.169343628305926], [-3.792941761754213e-08, -0.9752128486911991, -0.22126884043532916]], "fy": 711.0673733317556, "fx": 711.0673733317556}, {"id": 18, "img_name": "00000018.png", "width": 512, "height": 512, "position": [-1.8696712536636582, -1.684146394009024e-07, 0.42421504749685446], "rotation": [[3.784379830378894e-08, -0.22126881277416505, 0.9752128549673192], [-0.999999999999999, -1.4579178043898015e-08, 3.5497768970540095e-08], [6.3632529159221415e-09, -0.9752128549673199, -0.2212688127741652]], "fy": 711.0673733317556, "fx": 711.0673733317556}, {"id": 19, "img_name": "00000019.png", "width": 512, "height": 512, "position": [-1.8412669179390297, -0.32466550257280924, 0.4242150185719985], "rotation": [[0.17364850965027226, -0.21790722195181156, 0.9603971250047988], [-0.9848076944745296, -0.03842302384744162, 0.16934425334855704], [2.583638596315694e-08, -0.9752128556677577, -0.2212688096870783]], "fy": 711.0673733317556, "fx": 711.0673733317556}, {"id": 20, "img_name": "00000020.png", "width": 512, "height": 512, "position": [-1.7569160908458477, -0.6394657625797572, 0.42421497164011196], "rotation": [[0.34202047377764333, -0.20792461531895093, 0.9164002127135187], [-0.9396925005111594, -0.07567842718544421, 0.3335427710831423], [-2.5599313438932785e-08, -0.9752128639446892, -0.22126877320759833]], "fy": 711.0673733317556, "fx": 711.0673733317556}, {"id": 21, "img_name": "00000021.png", "width": 512, "height": 512, "position": [-1.6191827788087119, -0.9348357009718683, 0.4242149289189097], "rotation": [[0.5000000997932329, -0.19162438686682914, 0.8445590533317779], [-0.8660253461687798, -0.11063436670981062, 0.48760653881584104], [-4.8018443823989653e-08, -0.9752128645893834, -0.22126877036619233]], "fy": 711.0673733317556, "fx": 711.0673733317556}, {"id": 22, "img_name": "00000022.png", "width": 512, "height": 512, "position": [-1.4322510225105247, -1.2018012755021164, 0.4242149173098972], "rotation": [[0.6427876176186582, -0.16950176454861468, 0.7470563770232039], [-0.7660444364631374, -0.14222879168817223, 0.6268547616304728], [-6.238511241155733e-08, -0.975212860164297, -0.2212687898691716]], "fy": 711.0673733317556, "fx": 711.0673733317556}, {"id": 23, "img_name": "00000023.png", "width": 512, "height": 512, "position": [-1.201801109460891, -1.4322514779255675, 0.4242150016037855], "rotation": [[0.7660447054070847, -0.1422287623935292, 0.626854439615592], [-0.6427872971036164, -0.16950176820058885, 0.7470566519743339], [-7.128930827096872e-09, -0.97521286380199, -0.22126877383652918]], "fy": 711.0673733317556, "fx": 711.0673733317556}, {"id": 24, "img_name": "00000024.png", "width": 512, "height": 512, "position": [-0.9348355542284864, -1.6191831138303823, 0.424214972376337], "rotation": [[0.8660254547127443, -0.1106343700079028, 0.4876063452853531], [-0.4999999117895767, -0.19162440254346783, 0.8445591610777032], [3.87147512359081e-09, -0.9752128611348462, -0.22126878559161145]], "fy": 711.0673733317556, "fx": 711.0673733317556}, {"id": 25, "img_name": "00000025.png", "width": 512, "height": 512, "position": [-0.6394645123025201, -1.7569170656428212, 0.4242150261352503], "rotation": [[0.9396927907286965, -0.07567827237018097, 0.33354198857651973], [-0.3420196764113353, -0.20792467471726656, 0.9164004968305094], [3.0800146542232122e-09, -0.9752128632943596, -0.2212687760738428]], "fy": 711.0673733317556, "fx": 711.0673733317556}, {"id": 26, "img_name": "00000026.png", "width": 512, "height": 512, "position": [-0.324664904174886, -1.8412667060627537, 0.4242149241193934], "rotation": [[0.9848077663637534, -0.03842289243888089, 0.16934386509780902], [-0.17364810194653657, -0.21790715244868883, 0.9603972144909986], [5.571299947988162e-10, -0.9752128763753759, -0.22126871842098672]], "fy": 711.0673733317556, "fx": 711.0673733317556}, {"id": 27, "img_name": "00000027.png", "width": 512, "height": 512, "position": [2.2295608884619066e-08, -1.8696712796735924, 0.4242148753457342], "rotation": [[0.9999999999999999, 2.6386042018308738e-09, -1.1629299291977373e-08], [1.1924882982918739e-08, -0.22126875298084572, 0.9752128685339942], [2.20216471127698e-16, -0.9752128685339941, -0.22126875298084575]], "fy": 711.0673733317556, "fx": 711.0673733317556}, {"id": 28, "img_name": "00000028.png", "width": 512, "height": 512, "position": [0.32466579692785213, -1.8412664190124761, 0.4242148951456893], "rotation": [[0.984807679908415, 0.03842301616585682, -0.1693443397994841], [0.17364859225863216, -0.21790714574935266, 0.9603971273582432], [1.2615614141963105e-08, -0.9752128729975258, -0.22126873330841654]], "fy": 711.0673733317556, "fx": 711.0673733317556}, {"id": 29, "img_name": "00000029.png", "width": 512, "height": 512, "position": [0.6394660642223575, -1.7569160683791, 0.42421495610286863], "rotation": [[0.9396924548968402, 0.07567846072359433, -0.3335428919831111], [0.3420205991017934, -0.2079245944877798, 0.9164001706662557], [-1.623700838904807e-08, -0.9752128657834656, -0.22126876510343707]], "fy": 711.0673733317556, "fx": 711.0673733317556}, {"id": 30, "img_name": "00000030.png", "width": 512, "height": 512, "position": [0.9348355542284864, -1.6191831138303823, 0.424214972376337], "rotation": [[0.8660254547127443, 0.1106343700079028, -0.4876063452853531], [0.4999999117895767, -0.19162440254346783, 0.8445591610777032], [-3.87147512359081e-09, -0.9752128611348462, -0.22126878559161145]], "fy": 711.0673733317556, "fx": 711.0673733317556}, {"id": 31, "img_name": "00000031.png", "width": 512, "height": 512, "position": [1.201801293957994, -1.4322514219578795, 0.42421495779318535], "rotation": [[0.7660444725705977, 0.14222883064955677, -0.6268547086654886], [0.6427875745874642, -0.16950172605715585, 0.7470564227818471], [6.33564708003309e-09, -0.9752128611722186, -0.2212687854268996]], "fy": 711.0673733317556, "fx": 711.0673733317556}, {"id": 32, "img_name": "00000032.png", "width": 512, "height": 512, "position": [1.4322515773048394, -1.2018011314166113, 0.4242149562803253], "rotation": [[0.6427874227944741, 0.1695017796946088, -0.7470565412186673], [0.7660445999399998, -0.14222873525319876, 0.6268545746590998], [5.8994264355875986e-08, -0.9752128657624631, -0.2212687651959958]], "fy": 711.0673733317556, "fx": 711.0673733317556}, {"id": 33, "img_name": "00000033.png", "width": 512, "height": 512, "position": [1.6191827415264075, -0.9348351725642089, 0.4242148875651494], "rotation": [[0.49999989107361736, 0.19162441157031135, -0.8445591712939376], [0.866025466673105, -0.11063433189858045, 0.4876063326895842], [3.691467555369232e-08, -0.9752128636844812, -0.2212687743544308]], "fy": 711.0673733317556, "fx": 711.0673733317556}, {"id": 34, "img_name": "00000034.png", "width": 512, "height": 512, "position": [1.7569163212121577, -0.6394649307829368, 0.42421499820178143], "rotation": [[0.34202011339639743, 0.20792467479191995, -0.9164003337215617], [0.9396926316792715, -0.07567836113655421, 0.3335424165280486], [2.3084866319726474e-08, -0.9752128563900085, -0.2212688065038536]], "fy": 711.0673733317556, "fx": 711.0673733317556}, {"id": 35, "img_name": "00000035.png", "width": 512, "height": 512, "position": [1.8412666993350535, -0.3246646652535671, 0.4242150240146685], "rotation": [[0.17364799929004485, 0.21790724972067754, -0.9603972109818597], [0.9848077844648488, -0.03842288271090625, 0.16934376203928897], [4.0498968599577285e-09, -0.9752128550236375, -0.2212688125259539]], "fy": 711.0673733317556, "fx": 711.0673733317556}, {"id": 36, "img_name": "00000036.png", "width": 512, "height": 512, "position": [1.8696712388536616, 3.2142851829354876e-07, 0.42421505525416975], "rotation": [[3.811107046761661e-08, 0.22126884682034745, -0.9752128472424837], [0.9999999999999989, 1.6410312859246732e-08, 4.2803129226617896e-08], [2.5474546873570078e-08, -0.9752128472424844, -0.22126884682034662]], "fy": 711.0673733317556, "fx": 711.0673733317556}, {"id": 37, "img_name": "00000037.png", "width": 512, "height": 512, "position": [-0.0, 1.0577805205796288e-21, 1.9171931699999827], "rotation": [[-0.9999999999999998, -0.0, -0.0], [0.0, 0.9999999999999909, 1.3435885599999825e-07], [-0.0, 1.3435885599999825e-07, -0.9999999999999909]], "fy": 711.0673733317556, "fx": 711.0673733317556}, {"id": 38, "img_name": "00000038.png", "width": 512, "height": 512, "position": [-0.0, 1.0577805205796287e-21, -1.9171931699999827], "rotation": [[-1.0, -0.0, -0.0], [-0.0, -0.9999999999999908, 1.3435885599999823e-07], [0.0, 1.3435885599999823e-07, 0.9999999999999909]], "fy": 711.0673733317556, "fx": 711.0673733317556}, {"id": 39, "img_name": "00000039.png", "width": 512, "height": 512, "position": [1.9145703196788972, -9.691971283672005e-08, 0.1002467135057277], "rotation": [[1.5518570337432938e-07, 0.05228828371166533, -0.9986320320250417], [0.9999999999999863, 4.463192094278043e-08, 1.5773520643251483e-07], [5.281856891158356e-08, -0.9986320320250527, -0.0522882837116574]], "fy": 711.0673733317556, "fx": 711.0673733317556}, {"id": 40, "img_name": "00000040.png", "width": 512, "height": 512, "position": [1.6580665427902388, 0.9572851950441511, 0.10024666692288037], "rotation": [[-0.5000000174071093, 0.04528294746636729, -0.8648407005117463], [0.8660253937344389, 0.026144123300260055, -0.49931603441504924], [1.5373079943615478e-10, -0.9986320340774268, -0.0522882445142402]], "fy": 711.0673733317556, "fx": 711.0673733317556}, {"id": 41, "img_name": "00000041.png", "width": 512, "height": 512, "position": [0.9572851393052119, 1.6580667635992088, 0.10024665220082356], "rotation": [[-0.8660253999802906, 0.02614413296392826, -0.4993160230761093], [0.500000006588977, 0.04528294121851879, -0.8648407070932905], [-1.231644475751859e-08, -0.9986320341077409, -0.05228824393527876]], "fy": 711.0673733317556, "fx": 711.0673733317556}, {"id": 42, "img_name": "00000042.png", "width": 512, "height": 512, "position": [-8.368853038527449e-08, 1.9145705175106982, 0.10024662533204642], "rotation": [[-0.9999999999999987, -2.285591913182504e-09, 4.365159020095757e-08], [-4.3711385901912775e-08, 0.05228822282063521, -0.9986320352132999], [1.2290257866982354e-15, -0.9986320352133008, -0.05228822282063475]], "fy": 711.0673733317556, "fx": 711.0673733317556}, {"id": 43, "img_name": "00000043.png", "width": 512, "height": 512, "position": [-0.9572853318777226, 1.6580665604380995, 0.10024674467212479], "rotation": [[-0.8660253589663416, -0.02614415313549073, 0.49931609315547526], [-0.5000000776272132, 0.04528298526672474, -0.8648406637167996], [3.460213477153031e-09, -0.9986320315822848, -0.0522882921679259]], "fy": 711.0673733317556, "fx": 711.0673733317556}, {"id": 44, "img_name": "00000044.png", "width": 512, "height": 512, "position": [-1.658066798105647, 0.9572848986891651, 0.10024663158381986], "rotation": [[-0.4999997978942687, -0.04528294595603109, 0.8648408275002017], [-0.8660255204702056, 0.026144096450817483, -0.4993158160073441], [9.102482080475493e-09, -0.9986320348488292, -0.05228822978153289]], "fy": 711.0673733317556, "fx": 711.0673733317556}, {"id": 45, "img_name": "00000045.png", "width": 512, "height": 512, "position": [-1.9145703208563594, -2.6428722616851476e-07, 0.10024671249027953], "rotation": [[1.550429336985856e-07, -0.052288271982015, 0.9986320326392053], [-0.9999999999999866, 4.2004184830953273e-08, 1.57454652724866e-07], [-5.017975609617202e-08, -0.9986320326392163, -0.05228827198200787]], "fy": 711.0673733317556, "fx": 711.0673733317556}, {"id": 46, "img_name": "00000046.png", "width": 512, "height": 512, "position": [-1.6580659556880308, -0.957286079115823, 0.1002467318120915], "rotation": [[0.5000005380668768, -0.045282963681399106, 0.8648403986476711], [-0.8660250931311594, -0.026144177106866815, 0.4993165529707293], [7.217723171731779e-09, -0.9986320319335014, -0.05228828546018769]], "fy": 711.0673733317556, "fx": 711.0673733317556}, {"id": 47, "img_name": "00000047.png", "width": 512, "height": 512, "position": [-0.9572848581030092, -1.6580665703507775, 0.10024672227535497], "rotation": [[0.8660255007854825, -0.026144128477318656, 0.4993158484721026], [-0.49999983198922615, -0.045282974466839564, 0.8648408062956912], [-2.3349718076971278e-09, -0.9986320327175555, -0.05228827048586501]], "fy": 711.0673733317556, "fx": 711.0673733317556}, {"id": 48, "img_name": "00000048.png", "width": 512, "height": 512, "position": [2.2831019318864323e-08, -1.9145701317129336, 0.10024666329577897], "rotation": [[0.9999999999999999, 6.235312103937079e-10, -1.1908564954019663e-08], [1.1924877795367143e-08, -0.052288246322357776, 0.998632033982754], [2.6322561873159103e-16, -0.9986320339827541, -0.052288246322357776]], "fy": 711.0673733317556, "fx": 711.0673733317556}, {"id": 49, "img_name": "00000049.png", "width": 512, "height": 512, "position": [0.9572856575592288, -1.6580660260977635, 0.10024670956712453], "rotation": [[0.8660252678095431, 0.0261441359743733, -0.49931625215845177], [0.5000002355153531, -0.045282978650223925, 0.8648405727815701], [-1.7655244841860938e-08, -0.9986320323315873, -0.052288277857306054]], "fy": 711.0673733317556, "fx": 711.0673733317556}, {"id": 50, "img_name": "00000050.png", "width": 512, "height": 512, "position": [1.6580668025042617, -0.9572848145707856, 0.10024672091644117], "rotation": [[0.4999999084755267, 0.04528297616268453, -0.8648407619870346], [0.8660254566261113, -0.026144137322420432, 0.4993159246000486], [-4.532102999495163e-09, -0.998632032409093, -0.052288276377059996]], "fy": 711.0673733317556, "fx": 711.0673733317556}]