[{"id": 0, "img_name": "00000000.png", "width": 512, "height": 512, "position": [1.789815506036554, -1.2515157233159017e-10, 0.6560017114427302], "rotation": [[-8.219860664281246e-08, 0.3441325490027537, -0.938921076937173], [0.9999999999999967, 1.458915281836826e-08, -8.219860660979505e-08], [-1.458915288959205e-08, -0.9389210769371763, -0.34413254900275375]], "fy": 711.0673733317556, "fx": 711.0673733317556}, {"id": 1, "img_name": "00000001.png", "width": 512, "height": 512, "position": [1.7626240730312894, 0.3107982991564457, 0.6560016590427893], "rotation": [[-0.1736480543095667, 0.3389044414238802, -0.9246567648688183], [0.9848077747634312, 0.059757938200823826, -0.16304182159030584], [-1.5662790236888012e-08, -0.9389210661206584, -0.3441325785142193]], "fy": 711.0673733317556, "fx": 711.0673733317556}, {"id": 2, "img_name": "00000002.png", "width": 512, "height": 512, "position": [1.6818763624820465, 0.6121529745174635, 0.656001709828356], "rotation": [[-0.3420201910034224, 0.3233788692261046, -0.8822971698265999], [0.9396926034326234, 0.11770028406681866, -0.32112996463209115], [-1.7317403806229075e-08, -0.9389210563559833, -0.34413260515586636]], "fy": 711.0673733317556, "fx": 711.0673733317556}, {"id": 3, "img_name": "00000003.png", "width": 512, "height": 512, "position": [1.5500256230591283, 0.8949078256059387, 0.6560016709671872], "rotation": [[-0.500000049779237, 0.29802756934613844, -0.8131294596375122], [0.8660253750443797, 0.17206627737553265, -0.46946059043264476], [-3.9526239190516304e-08, -0.9389210638279228, -0.3441325847696484]], "fy": 711.0673733317556, "fx": 711.0673733317556}, {"id": 4, "img_name": "00000004.png", "width": 512, "height": 512, "position": [1.3710782486994109, 1.150471348087013, 0.6560016930222194], "rotation": [[-0.6427875793442037, 0.2636208304443986, -0.7192552993177207], [0.7660444685792194, 0.221204119283687, -0.6035268094882859], [-3.687059276399093e-09, -0.9389210804789369, -0.34413253933951904]], "fy": 711.0673733317556, "fx": 711.0673733317556}, {"id": 5, "img_name": "00000005.png", "width": 512, "height": 512, "position": [1.1504711174150721, 1.3710782945970197, 0.656001725545307], "rotation": [[-0.7660445168048263, 0.22120411067759516, -0.6035267514307828], [0.6427875218711533, 0.2636208038052257, -0.7192553604442778], [-3.5027030133416665e-08, -0.9389210899859586, -0.34413251340083767]], "fy": 711.0673733317556, "fx": 711.0673733317556}, {"id": 6, "img_name": "00000006.png", "width": 512, "height": 512, "position": [0.8949076713177937, 1.5500257984677526, 0.6560016806064523], "rotation": [[-0.8660254273967829, 0.17206625528475478, -0.4694605019535733], [0.4999999591022178, 0.29802752212126365, -0.8131295327043779], [-3.622856798514729e-09, -0.9389210828661487, -0.34413253282632056]], "fy": 711.0673733317556, "fx": 711.0673733317556}, {"id": 7, "img_name": "00000007.png", "width": 512, "height": 512, "position": [0.6121527262948184, 1.6818764820375427, 0.6560017056772431], "rotation": [[-0.9396926844251546, 0.11770021228232815, -0.3211297539415215], [0.3420199684782265, 0.3233788323779935, -0.8822972695934171], [-1.1055822069436424e-08, -0.9389210780457221, -0.3441325459782313]], "fy": 711.0673733317556, "fx": 711.0673733317556}, {"id": 8, "img_name": "00000008.png", "width": 512, "height": 512, "position": [0.31079806768484386, 1.7626242570739747, 0.6560016578556422], "rotation": [[-0.9848077674805928, 0.05975796962086443, -0.16304185406417138], [0.17364809561262315, 0.338904467744959, -0.9246567474650338], [2.9470264931324773e-09, -0.9389210546203008, -0.34413260989145183]], "fy": 711.0673733317556, "fx": 711.0673733317556}, {"id": 9, "img_name": "00000009.png", "width": 512, "height": 512, "position": [-7.823531934589603e-08, 1.789815483528914, 0.6560017175707583], "rotation": [[-0.999999999999999, -1.504251213288569e-08, 4.1041535758499044e-08], [-4.371138099722045e-08, 0.3441325812174613, -0.938921065129868], [1.8763369807729237e-15, -0.9389210651298688, -0.34413258121746154]], "fy": 711.0673733317556, "fx": 711.0673733317556}, {"id": 10, "img_name": "00000010.png", "width": 512, "height": 512, "position": [-0.3107983999881806, 1.7626241056013354, 0.6560017168725574], "rotation": [[-0.9848077383239318, -0.0597580274153002, 0.16304200899379845], [-0.173648260968262, 0.33890442806598814, -0.924656730954771], [3.4693641232761955e-09, -0.9389210652641133, -0.34413258085119186]], "fy": 711.0673733317556, "fx": 711.0673733317556}, {"id": 11, "img_name": "00000011.png", "width": 512, "height": 512, "position": [-0.6121529492183093, 1.681876465548676, 0.6560017369761596], "rotation": [[-0.9396926270973324, -0.1177002496917268, 0.3211299079833879], [-0.34202012598517356, 0.3233787904753178, -0.8822972238944234], [2.3255729274143e-09, -0.9389210877881194, -0.3441325193973601]], "fy": 711.0673733317556, "fx": 711.0673733317556}, {"id": 12, "img_name": "00000012.png", "width": 512, "height": 512, "position": [-0.8949078753709849, 1.550025739909128, 0.6560016864302379], "rotation": [[-0.8660253929366517, -0.17206625922229535, 0.46946056407984194], [-0.5000000187889168, 0.2980274540936217, -0.8131295209359681], [1.8220598436478482e-08, -0.9389211037375398, -0.34413247588142476]], "fy": 711.0673733317556, "fx": 711.0673733317556}, {"id": 13, "img_name": "00000013.png", "width": 512, "height": 512, "position": [-1.150471368983817, 1.3710782833512094, 0.6560016659187045], "rotation": [[-0.7660444728262367, -0.22120407466683725, 0.6035268204505589], [-0.6427875742828053, 0.26362079318924947, -0.7192553174957403], [-1.2162314639488943e-08, -0.9389211014505207, -0.34413248212126185]], "fy": 711.0673733317556, "fx": 711.0673733317556}, {"id": 14, "img_name": "00000014.png", "width": 512, "height": 512, "position": [-1.3710785853544647, 1.1504709819099714, 0.6560017143685682], "rotation": [[-0.6427874031141486, -0.26362089248929604, 0.7192554340711756], [-0.7660446164537469, 0.2212040627625899, -0.6035266425101343], [7.958975890739218e-09, -0.9389210763746179, -0.3441325505376213]], "fy": 711.0673733317556, "fx": 711.0673733317556}, {"id": 15, "img_name": "00000015.png", "width": 512, "height": 512, "position": [-1.5500256600604967, 0.8949078776337529, 0.6560016978270752], "rotation": [[-0.5000000547353549, -0.29802750807201134, 0.8131294790480968], [-0.8660253721829644, 0.17206629768633752, -0.469460588266869], [-9.740230864163549e-09, -0.9389210795550946, -0.3441325418601037]], "fy": 711.0673733317556, "fx": 711.0673733317556}, {"id": 16, "img_name": "00000016.png", "width": 512, "height": 512, "position": [-1.6818763891266686, 0.6121526907646735, 0.656001658256483], "rotation": [[-0.3420195276600359, -0.3233790059622898, 0.8822973768532053], [-0.9396928448696401, 0.11770018306649677, -0.3211292951552622], [-9.052203257563368e-08, -0.9389210219230127, -0.34413269910172334]], "fy": 711.0673733317556, "fx": 711.0673733317556}, {"id": 17, "img_name": "00000017.png", "width": 512, "height": 512, "position": [-1.7626242309053464, 0.31079800220810055, 0.6560016843871043], "rotation": [[-0.17364804293613417, -0.338904393043084, 0.9246567847372069], [-0.9848077767688729, 0.05975796089719766, -0.16304180115835026], [-2.132343255176922e-08, -0.9389210821392326, -0.344132534809616]], "fy": 711.0673733317556, "fx": 711.0673733317556}, {"id": 18, "img_name": "00000018.png", "width": 512, "height": 512, "position": [-1.789815539339834, -1.562811165568325e-07, 0.6560017025476621], "rotation": [[8.731216440098151e-08, -0.3441325013364784, 0.9389210944077732], [-0.9999999999999959, -4.5640011744129334e-08, 7.626407920089882e-08], [1.660742153613375e-08, -0.9389210944077762, -0.3441325013364809]], "fy": 711.0673733317556, "fx": 711.0673733317556}, {"id": 19, "img_name": "00000019.png", "width": 512, "height": 512, "position": [-1.76262367484415, -0.310798968838075, 0.6560016860049869], "rotation": [[0.17364878064914335, -0.33890445364842614, 0.924656623983372], [-0.984807646689981, -0.059758134605248446, 0.16304252319392626], [-8.224486525286774e-08, -0.9389210492079525, -0.344132624658329]], "fy": 711.0673733317556, "fx": 711.0673733317556}, {"id": 20, "img_name": "00000020.png", "width": 512, "height": 512, "position": [-1.6818764455908664, -0.6121534465439322, 0.6560017076301623], "rotation": [[0.3420202451428048, -0.3233787940976058, 0.8822971763756439], [-0.9396925837274949, -0.11770032045220757, 0.3211300089574196], [2.5348287615124546e-08, -0.9389210776702297, -0.3441325470027114]], "fy": 711.0673733317556, "fx": 711.0673733317556}, {"id": 21, "img_name": "00000021.png", "width": 512, "height": 512, "position": [-1.550025693104791, -0.894907688179667, 0.6560016848049258], "rotation": [[0.4999999057366668, -0.29802759070280865, 0.8131295403828368], [-0.8660254582073911, -0.17206631890300156, 0.4694604217991634], [4.8365835356684636e-08, -0.938921049438689, -0.34413262402880074]], "fy": 711.0673733317556, "fx": 711.0673733317556}, {"id": 22, "img_name": "00000022.png", "width": 512, "height": 512, "position": [-1.3710783547871115, -1.150471184539674, 0.6560016948351072], "rotation": [[0.6427875735745714, -0.26362086442487703, 0.7192552920194578], [-0.7660444734205135, -0.22120408026685673, 0.6035268176437419], [-5.6022604765950716e-08, -0.9389210801303669, -0.34413254029054313]], "fy": 711.0673733317556, "fx": 711.0673733317556}, {"id": 23, "img_name": "00000023.png", "width": 512, "height": 512, "position": [-1.150471202176646, -1.3710785820622928, 0.6560017815633121], "rotation": [[0.766044519436603, -0.22120408132980063, 0.6035267588468491], [-0.6427875187347244, -0.26362084460041296, 0.7192553482950411], [1.5345005811833925e-08, -0.9389210854460579, -0.3441325257873714]], "fy": 711.0673733317556, "fx": 711.0673733317556}, {"id": 24, "img_name": "00000024.png", "width": 512, "height": 512, "position": [-0.8949074225159479, -1.5500255990641316, 0.6560016642224421], "rotation": [[0.8660254781440834, -0.17206628870353163, 0.46946039609013285], [-0.4999998712052948, -0.29802763031174206, 0.8131295470990192], [-1.4032557581108029e-08, -0.9389210424005632, -0.34413264323141346]], "fy": 711.0673733317556, "fx": 711.0673733317556}, {"id": 25, "img_name": "00000025.png", "width": 512, "height": 512, "position": [-0.6121518956084323, -1.6818765579443238, 0.6560016783136994], "rotation": [[0.9396928217977908, -0.11770009416241066, 0.32112939525347833], [-0.3420195910495552, -0.3233789207522858, 0.8822973835115809], [-7.859657541723178e-09, -0.9389210624153911, -0.34413258862356144]], "fy": 711.0673733317556, "fx": 711.0673733317556}, {"id": 26, "img_name": "00000026.png", "width": 512, "height": 512, "position": [-0.3107980285684514, -1.7626238024059244, 0.6560015871076643], "rotation": [[0.9848077659827623, -0.059757973763079196, 0.1630418615931874], [-0.1736481041072459, -0.33890442932826925, 0.9246567599502202], [-5.341101243333948e-09, -0.9389210682232086, -0.34413257277768505]], "fy": 711.0673733317556, "fx": 711.0673733317556}, {"id": 27, "img_name": "00000027.png", "width": 512, "height": 512, "position": [2.1343337475119954e-08, -1.789815524846202, 0.6560016048418976], "rotation": [[0.9999999999999999, 4.103739499053871e-09, -1.1196522629570854e-08], [1.192488141956083e-08, -0.34413252208091766, 0.9389210868045441], [-2.0635890136309025e-17, -0.9389210868045442, -0.34413252208091766]], "fy": 711.0673733317556, "fx": 711.0673733317556}, {"id": 28, "img_name": "00000028.png", "width": 512, "height": 512, "position": [0.3107989766187304, -1.7626239086366828, 0.6560015712281795], "rotation": [[0.9848076774762718, 0.05975812779635294, -0.16304233973439555], [0.17364860605196725, -0.33890433278368537, 0.924656701071621], [-2.0527842579686987e-09, -0.9389210932675436, -0.3441325044474588]], "fy": 711.0673733317556, "fx": 711.0673733317556}, {"id": 29, "img_name": "00000029.png", "width": 512, "height": 512, "position": [0.6121534126373894, -1.6818759243926933, 0.6560015983683768], "rotation": [[0.9396925091293586, 0.1177003647625142, -0.32113021100628547], [0.34202045009936216, -0.32337877763181455, 0.8822971029597586], [-4.248586130287107e-09, -0.9389210777866924, -0.3441325466849589]], "fy": 711.0673733317556, "fx": 711.0673733317556}, {"id": 30, "img_name": "00000030.png", "width": 512, "height": 512, "position": [0.8949074225159479, -1.5500255990641316, 0.6560016642224421], "rotation": [[0.8660254781440834, 0.17206628870353163, -0.46946039609013285], [0.4999998712052948, -0.29802763031174206, 0.8131295470990192], [1.4032557581108029e-08, -0.9389210424005632, -0.34413264323141346]], "fy": 711.0673733317556, "fx": 711.0673733317556}, {"id": 31, "img_name": "00000031.png", "width": 512, "height": 512, "position": [1.1504712007682216, -1.3710784301757994, 0.6560017363029581], "rotation": [[0.7660445005794666, 0.22120414864915233, -0.6035267581080056], [0.6427875412077884, -0.2636208354427093, 0.7192553315676801], [3.509632996789929e-08, -0.9389210721572347, -0.34413256204420284]], "fy": 711.0673733317556, "fx": 711.0673733317556}, {"id": 32, "img_name": "00000032.png", "width": 512, "height": 512, "position": [1.3710786111067443, -1.1504708989179255, 0.6560016615891598], "rotation": [[0.6427873936433036, 0.2636208787233978, -0.719255447580588], [0.7660446244007252, -0.2212040812098882, 0.6035266256619013], [-2.1047313488629134e-08, -0.9389210758935983, -0.34413255185002]], "fy": 711.0673733317556, "fx": 711.0673733317556}, {"id": 33, "img_name": "00000033.png", "width": 512, "height": 512, "position": [1.550025573167304, -0.8949073324156601, 0.6560016530451482], "rotation": [[0.4999998652868205, 0.29802756115017376, -0.8131295760873791], [0.8660254815611153, -0.17206621676785708, 0.4694604161524544], [1.2983054824695478e-08, -0.9389210775363799, -0.3441325473679053]], "fy": 711.0673733317556, "fx": 711.0673733317556}, {"id": 34, "img_name": "00000034.png", "width": 512, "height": 512, "position": [1.6818762658952338, -0.6121527053669962, 0.6560016869173175], "rotation": [[0.34202012896040074, 0.3233788710549868, -0.8822971932070923], [0.9396926260144377, -0.11770024390100568, 0.3211299132745719], [3.398306940825156e-08, -0.9389210607611514, -0.34413259313693745]], "fy": 711.0673733317556, "fx": 711.0673733317556}, {"id": 35, "img_name": "00000035.png", "width": 512, "height": 512, "position": [1.76262427345203, -0.3107978186228672, 0.6560016887146202], "rotation": [[0.1736478957602666, 0.33890440755695583, -0.9246568070568129], [0.9848078027199172, -0.059757891658283734, 0.16304166978574894], [-7.913595983289814e-10, -0.9389210813071702, -0.34413253707979186]], "fy": 711.0673733317556, "fx": 711.0673733317556}, {"id": 36, "img_name": "00000036.png", "width": 512, "height": 512, "position": [1.7898155391204593, 3.1313088071092377e-07, 0.6560017031460487], "rotation": [[-2.5572223900076544e-07, 0.3441325016503813, -0.9389210942926912], [0.9999999999999671, 7.553054760248247e-08, -2.4467415234451885e-07], [-1.3283103796131737e-08, -0.9389210942927229, -0.34413250165038917]], "fy": 711.0673733317556, "fx": 711.0673733317556}, {"id": 37, "img_name": "00000037.png", "width": 512, "height": 512, "position": [-0.0, 1.0299850520188656e-21, 1.906247139999983], "rotation": [[-0.9999999999999998, -0.0, -0.0], [0.0, 0.9999999999999909, 1.3435885599999825e-07], [-0.0, 1.3435885599999825e-07, -0.9999999999999909]], "fy": 711.0673733317556, "fx": 711.0673733317556}, {"id": 38, "img_name": "00000038.png", "width": 512, "height": 512, "position": [-0.0, 1.0299850520188656e-21, -1.906247139999983], "rotation": [[-1.0, -0.0, -0.0], [-0.0, -0.9999999999999908, 1.3435885599999823e-07], [0.0, 1.3435885599999823e-07, 0.9999999999999909]], "fy": 711.0673733317556, "fx": 711.0673733317556}, {"id": 39, "img_name": "00000039.png", "width": 512, "height": 512, "position": [1.9059566678182764, -1.8026946513344652e-07, 0.03326512721224026], "rotation": [[1.6628634513112908e-07, 0.01745058842765034, -0.9998477268882002], [0.9999999999999858, -2.6232851747966743e-08, 1.6585382157181978e-07], [-2.3334610387920237e-08, -0.9998477268882136, -0.017450588427654515]], "fy": 711.0673733317556, "fx": 711.0673733317556}, {"id": 40, "img_name": "00000040.png", "width": 512, "height": 512, "position": [1.6506072697041454, 0.9529784913803081, 0.03326520779494306], "rotation": [[-0.5000000175290583, 0.01511267872624576, -0.8658935208284322], [0.866025393664032, 0.00872532272693616, -0.49992388047818787], [1.1423146141492663e-08, -0.9998477262488663, -0.017450625059629802]], "fy": 711.0673733317556, "fx": 711.0673733317556}, {"id": 41, "img_name": "00000041.png", "width": 512, "height": 512, "position": [0.952978259682509, 1.6506070856527644, 0.03326521950136232], "rotation": [[-0.8660254032117942, 0.008725327806299142, -0.49992386384980864], [0.5000000009918492, 0.015112687319973284, -0.8658935302276599], [-1.1858434879145307e-08, -0.9998477260746463, -0.017450635041697405]], "fy": 711.0673733317556, "fx": 711.0673733317556}, {"id": 42, "img_name": "00000042.png", "width": 512, "height": 512, "position": [-8.331202033283177e-08, 1.9059568003740799, 0.033265174096525865], "rotation": [[-0.9999999999999989, -7.627916809780494e-10, 4.370474487460054e-08], [-4.3711400980779504e-08, 0.017450614922729344, -0.9998477264257876], [8.548596304307962e-16, -0.9998477264257885, -0.017450614922729268]], "fy": 711.0673733317556, "fx": 711.0673733317556}, {"id": 43, "img_name": "00000043.png", "width": 512, "height": 512, "position": [-0.9529785181644498, 1.650607088527683, 0.033265182082170476], "rotation": [[-0.8660253190667991, -0.008725332760920352, 0.4999240095289082], [-0.5000001467352265, 0.015112666065307017, -0.8658934464408137], [2.3841656594602378e-08, -0.999847726352673, -0.017450619111931163]], "fy": 711.0673733317556, "fx": 711.0673733317556}, {"id": 44, "img_name": "00000044.png", "width": 512, "height": 512, "position": [-1.650607202088148, 0.9529780291038601, 0.033265200067282646], "rotation": [[-0.49999979768024877, -0.015112702779404994, 0.8658936473576943], [-0.8660255205937691, 0.008725284239876667, -0.49992366126762217], [2.9510430093796543e-08, -0.9998477262211654, -0.01745062664675401]], "fy": 711.0673733317556, "fx": 711.0673733317556}, {"id": 45, "img_name": "00000045.png", "width": 512, "height": 512, "position": [-1.9059566678182627, -3.4689339264784307e-07, 0.033265127212142157], "rotation": [[1.6628629216876868e-07, -0.017450588427596832, 0.9998477268882012], [-0.999999999999986, -2.6891316631489354e-08, 1.6584227620094576e-07], [2.399317648778417e-08, -0.9998477268882147, -0.017450588427601006]], "fy": 711.0673733317556, "fx": 711.0673733317556}, {"id": 46, "img_name": "00000046.png", "width": 512, "height": 512, "position": [-1.6506067770150168, -0.9529792587759871, 0.033265247768014275], "rotation": [[0.5000003746291917, -0.015112704694673393, 0.8658933141718324], [-0.8660251874920659, -0.008725319687325324, 0.4999242376857577], [-1.1392587672894594e-08, -0.9998477258828794, -0.017450646029138907]], "fy": 711.0673733317556, "fx": 711.0673733317556}, {"id": 47, "img_name": "00000047.png", "width": 512, "height": 512, "position": [-0.9529780857674957, -1.650606992662644, 0.03326524145369006], "rotation": [[0.866025511676429, -0.008725320944180782, 0.49992367607465865], [-0.4999998131255443, -0.01511270238541103, 0.865893638445872], [-2.1670276451191213e-09, -0.9998477259068156, -0.01745064465768996]], "fy": 711.0673733317556, "fx": 711.0673733317556}, {"id": 48, "img_name": "00000048.png", "width": 512, "height": 512, "position": [2.272830155826555e-08, -1.9059564188073028, 0.033265192283994445], "rotation": [[0.9999999999999999, 2.080969254187109e-10, -1.1923064512528384e-08], [1.1924880364191599e-08, -0.017450624463707848, 0.999847726259267], [3.164567447338585e-16, -0.9998477262592671, -0.01745062446370785]], "fy": 711.0673733317556, "fx": 711.0673733317556}, {"id": 49, "img_name": "00000049.png", "width": 512, "height": 512, "position": [0.9529791276558971, -1.6506067297774996, 0.03326523686398347], "rotation": [[0.8660251704181411, 0.008725336647169393, -0.49992426696713105], [0.5000004042020662, -0.01511269053908406, 0.865893297342369], [9.780187002421762e-09, -0.9998477259488385, -0.017450642249970696]], "fy": 711.0673733317556, "fx": 711.0673733317556}, {"id": 50, "img_name": "00000050.png", "width": 512, "height": 512, "position": [1.6506070950103353, -0.9529779198566842, 0.03326527019506693], "rotation": [[0.49999976449400724, 0.01511271916447589, -0.8658936662347132], [0.8660255397538444, -0.008725322036920854, 0.49992362741664303], [4.297205805178907e-09, -0.9998477256436639, -0.017450659735158244]], "fy": 711.0673733317556, "fx": 711.0673733317556}]