[{"id": 0, "img_name": "00000000.png", "width": 512, "height": 512, "position": [1.8664556888474177, -2.4185950674500055e-07, 0.35833389001550897], "rotation": [[2.516488046309373e-07, 0.18854299489779155, -0.9820649362821727], [0.9999999999999678, -1.579409899055391e-08, 2.5321231694087606e-07], [3.2230577780602244e-08, -0.9820649362822047, -0.18854299489778956]], "fy": 711.0673733317556, "fx": 711.0673733317556}, {"id": 1, "img_name": "00000001.png", "width": 512, "height": 512, "position": [1.838100379830333, 0.3241067716816737, 0.35833384695129605], "rotation": [[-0.17364817843988525, 0.18567854830862748, -0.9671451736024484], [0.9848077528759148, 0.0327401552546058, -0.17053378582965587], [1.7347061782836465e-08, -0.9820649463919912, -0.1885429422388825]], "fy": 711.0673733317556, "fx": 711.0673733317556}, {"id": 2, "img_name": "00000002.png", "width": 512, "height": 512, "position": [1.7538949399606092, 0.6383655919885396, 0.35833387312084364], "rotation": [[-0.3420201776948724, 0.17717242251300877, -0.9228391684093383], [0.9396926082765401, 0.06448549419254687, -0.33588602678464524], [-1.2185899467046396e-09, -0.9820649437484339, -0.1885429560083987]], "fy": 711.0673733317556, "fx": 711.0673733317556}, {"id": 3, "img_name": "00000003.png", "width": 512, "height": 512, "position": [1.6163982490463684, 0.9332279698951451, 0.3583338552805606], "rotation": [[-0.4999999610317269, 0.16328300500751583, -0.850493209404982], [0.8660254262827799, 0.09427146255736954, -0.4910324351598612], [-1.2823341622434145e-08, -0.982064942670804, -0.1885429616214556]], "fy": 711.0673733317556, "fx": 711.0673733317556}, {"id": 4, "img_name": "00000004.png", "width": 512, "height": 512, "position": [1.4297883089337518, 1.19973493183209, 0.3583338344235928], "rotation": [[-0.64278757338507, 0.14443227105586412, -0.7523054263923522], [0.7660444735795262, 0.12119305945524905, -0.6312591439639849], [4.481775943229282e-09, -0.9820649476574967, -0.18854293564723706]], "fy": 711.0673733317556, "fx": 711.0673733317556}, {"id": 5, "img_name": "00000005.png", "width": 512, "height": 512, "position": [1.1997347876525266, 1.4297884321273588, 0.35833387542724027], "rotation": [[-0.7660444335582359, 0.12119308179548548, -0.6312591882415287], [0.6427876210805875, 0.14443230005506907, -0.7523053800727212], [9.02628266329635e-09, -0.9820649406356562, -0.18854297222194366]], "fy": 711.0673733317556, "fx": 711.0673733317556}, {"id": 6, "img_name": "00000006.png", "width": 512, "height": 512, "position": [0.9332279246987277, 1.616398409506892, 0.35833387644125453], "rotation": [[-0.866025443222092, 0.09427146127571577, -0.49103240553034777], [0.499999931691974, 0.16328298396293284, -0.85049323069392], [-3.2651282973629744e-09, -0.9820649462928109, -0.1885429427554849]], "fy": 711.0673733317556, "fx": 711.0673733317556}, {"id": 7, "img_name": "00000007.png", "width": 512, "height": 512, "position": [0.6383654120292593, 1.7538952189211705, 0.3583338166541941], "rotation": [[-0.9396926610616029, 0.06448544617311357, -0.33588588832938165], [0.34202003266908704, 0.1771723764477389, -0.9228392310022897], [1.4933407064984146e-09, -0.9820649552120853, -0.18854289629759274]], "fy": 711.0673733317556, "fx": 711.0673733317556}, {"id": 8, "img_name": "00000008.png", "width": 512, "height": 512, "position": [0.3241065641081603, 1.8381005388585478, 0.3583338375591679], "rotation": [[-0.9848077643315806, 0.03274011816648898, -0.17053372679525405], [0.17364811347156642, 0.18567850210516337, -0.9671451941377515], [-9.90467969538716e-10, -0.9820649563641028, -0.18854289029706958]], "fy": 711.0673733317556, "fx": 711.0673733317556}, {"id": 9, "img_name": "00000009.png", "width": 512, "height": 512, "position": [-8.158539010371996e-08, 1.8664559771431195, 0.35833386851292115], "rotation": [[-0.9999999999999988, -8.241474026933707e-09, 4.2927425254573884e-08], [-4.3711391342802746e-08, 0.18854292358386923, -0.9820649499734959], [5.185431385530529e-16, -0.9820649499734968, -0.18854292358386915]], "fy": 711.0673733317556, "fx": 711.0673733317556}, {"id": 10, "img_name": "00000010.png", "width": 512, "height": 512, "position": [-0.32410692075424336, 1.8381004493427906, 0.3583338685602408], "rotation": [[-0.9848077311734668, -0.032740156493840857, 0.1705339109201684], [-0.17364830152054206, 0.18567852917259944, -0.9671451551775105], [-2.0209362595992928e-09, -0.9820649499687172, -0.1885429236087663]], "fy": 711.0673733317556, "fx": 711.0673733317556}, {"id": 11, "img_name": "00000011.png", "width": 512, "height": 512, "position": [-0.6383655939002809, 1.753895021625114, 0.3583338702625916], "rotation": [[-0.9396926139542298, -0.06448547724569147, 0.33588601415400193], [-0.3420201620955508, 0.17717241111806112, -0.9228391763783903], [-1.0278718406117421e-08, -0.9820649469169584, -0.18854293950448467]], "fy": 711.0673733317556, "fx": 711.0673733317556}, {"id": 12, "img_name": "00000012.png", "width": 512, "height": 512, "position": [-0.9332281286630889, 1.616398375910627, 0.3583338243478946], "rotation": [[-0.8660253662184644, -0.09427148041546625, 0.49103253766573446], [-0.5000000650661703, 0.16328295858306646, -0.8504931571565911], [3.4977634744453324e-09, -0.9820649486753086, -0.18854293034575184]], "fy": 711.0673733317556, "fx": 711.0673733317556}, {"id": 13, "img_name": "00000013.png", "width": 512, "height": 512, "position": [-1.1997349054419535, 1.4297883517719685, 0.3583338181506992], "rotation": [[-0.7660443517090939, -0.12119308434011324, 0.6312592870783958], [-0.6427877186245815, 0.1444322781599951, -0.752305300932354], [-1.7156978089185646e-08, -0.9820649435417416, -0.18854295708499907]], "fy": 711.0673733317556, "fx": 711.0673733317556}, {"id": 14, "img_name": "00000014.png", "width": 512, "height": 512, "position": [-1.429788663063384, 1.1997345403773616, 0.3583338994591782], "rotation": [[-0.6427875104874846, -0.14443229621374026, 0.7523054753035683], [-0.7660445263568572, 0.12119303603760817, -0.6312590844135911], [1.4487883019994856e-08, -0.9820649468474134, -0.1885429398667219]], "fy": 711.0673733317556, "fx": 711.0673733317556}, {"id": 15, "img_name": "00000015.png", "width": 512, "height": 512, "position": [-1.6163982465247635, 0.9332281056233501, 0.35833386475868034], "rotation": [[-0.49999996447425255, -0.16328300137673887, 0.850493208078201], [-0.8660254242952374, 0.0942714788201808, -0.49103243554301995], [-2.6032573869419833e-09, -0.9820649417133575, -0.18854296660851586]], "fy": 711.0673733317556, "fx": 711.0673733317556}, {"id": 16, "img_name": "00000016.png", "width": 512, "height": 512, "position": [-1.753895092620205, 0.638365301960729, 0.3583338684370957], "rotation": [[-0.34201990900802975, -0.17717244044252725, 0.9228392645470702], [-0.939692706070521, 0.06448543772607951, -0.3358857640316676], [6.5982624163375465e-09, -0.9820649442215696, -0.18854295354397316]], "fy": 711.0673733317556, "fx": 711.0673733317556}, {"id": 17, "img_name": "00000017.png", "width": 512, "height": 512, "position": [-1.8381005607903123, 0.32410647601795456, 0.35833384391394746], "rotation": [[-0.17364801234659571, -0.18567853657092712, 0.9671452056774904], [-0.9848077821626289, 0.03274012623749404, -0.1705336222739578], [-2.2703900327993866e-08, -0.9820649495786068, -0.18854292564073477]], "fy": 711.0673733317556, "fx": 711.0673733317556}, {"id": 18, "img_name": "00000018.png", "width": 512, "height": 512, "position": [-1.866455688847398, -4.0503027503568805e-07, 0.35833389001549987], "rotation": [[2.5364438830874427e-07, -0.1885429948977845, 0.9820649362821734], [-0.9999999999999676, -3.677282007677249e-08, 2.5121671826956257e-07], [-1.1251855002857306e-08, -0.9820649362822056, -0.18854299489778759]], "fy": 711.0673733317556, "fx": 711.0673733317556}, {"id": 19, "img_name": "00000019.png", "width": 512, "height": 512, "position": [-1.8381002133630315, -0.3241073565887787, 0.3583338348603334], "rotation": [[0.17364868746636353, -0.1856785284893823, 0.9671450860130693], [-0.9848076631206771, -0.03274023101856565, 0.17053428960664116], [-2.406604805049223e-09, -0.9820649476133789, -0.1885429358770342]], "fy": 711.0673733317556, "fx": 711.0673733317556}, {"id": 20, "img_name": "00000020.png", "width": 512, "height": 512, "position": [-1.7538947339634081, -0.6383661416739587, 0.35833385620087754], "rotation": [[0.34202050205559786, -0.17717235137917517, 0.9228390618522879], [-0.9396924902188144, -0.064485526182548, 0.3358863509273982], [-1.2104624215157243e-08, -0.9820649544809825, -0.1885429001056945]], "fy": 711.0673733317556, "fx": 711.0673733317556}, {"id": 21, "img_name": "00000021.png", "width": 512, "height": 512, "position": [-1.6163982123894762, -0.9332280851600773, 0.358333861548514], "rotation": [[0.5000002345828998, -0.16328292556514562, 0.8504930638376379], [-0.8660252683478955, -0.09427147044897714, 0.49103271219170613], [-2.606021991654106e-08, -0.9820649551217447, -0.18854289676814806]], "fy": 711.0673733317556, "fx": 711.0673733317556}, {"id": 22, "img_name": "00000022.png", "width": 512, "height": 512, "position": [-1.4297883635631927, -1.199734787533772, 0.35833384241798677], "rotation": [[0.6427876140347484, -0.1444322693041006, 0.7523053919966166], [-0.7660444394703971, -0.12119304475102022, 0.6312591881790411], [-1.6029083449998625e-08, -0.9820649497297239, -0.18854292485361202]], "fy": 711.0673733317556, "fx": 711.0673733317556}, {"id": 23, "img_name": "00000023.png", "width": 512, "height": 512, "position": [-1.1997345291448198, -1.4297884908640723, 0.3583338252748774], "rotation": [[0.766044497889238, -0.12119305476831584, 0.6312591153635319], [-0.6427875444138794, -0.1444322882858871, 0.752305447838095], [3.1909352533025003e-09, -0.9820649457018746, -0.1885429458334986]], "fy": 711.0673733317556, "fx": 711.0673733317556}, {"id": 24, "img_name": "00000024.png", "width": 512, "height": 512, "position": [-0.9332279181987064, -1.6163984552232173, 0.35833380977816714], "rotation": [[0.8660254644733459, -0.09427144291159432, 0.49103237157553226], [-0.49999989488371444, -0.1632829713838988, 0.8504932547482781], [-1.6351627883046797e-09, -0.9820649501470925, -0.18854292267966224]], "fy": 711.0673733317556, "fx": 711.0673733317556}, {"id": 25, "img_name": "00000025.png", "width": 512, "height": 512, "position": [-0.63836416677965, -1.753894710525895, 0.35833384323112805], "rotation": [[0.9396928791932513, -0.06448534729870169, 0.3358852970543119], [-0.3420194333564944, -0.17717245924167568, 0.9228394372222933], [2.49201519393125e-09, -0.9820649467677901, -0.18854294028145785]], "fy": 711.0673733317556, "fx": 711.0673733317556}, {"id": 26, "img_name": "00000026.png", "width": 512, "height": 512, "position": [-0.3241066589772981, -1.8381006280836536, 0.3583338346762375], "rotation": [[0.9848077558172832, -0.032740127656215756, 0.17053377414219453], [-0.17364816175855796, -0.18567849889157, 0.9671451860849261], [-1.661478299463068e-09, -0.9820649566553262, -0.1885428887801714]], "fy": 711.0673733317556, "fx": 711.0673733317556}, {"id": 27, "img_name": "00000027.png", "width": 512, "height": 512, "position": [2.2257254621999034e-08, -1.8664553437540412, 0.35833379315771274], "rotation": [[0.9999999999999999, 2.248351112841441e-09, -1.171100205543682e-08], [1.1924875339770241e-08, -0.18854289893453927, 0.982064954705828], [5.568350218933923e-16, -0.982064954705828, -0.1885428989345393]], "fy": 711.0673733317556, "fx": 711.0673733317556}, {"id": 28, "img_name": "00000028.png", "width": 512, "height": 512, "position": [0.324107516670132, -1.838100232997375, 0.358333808042434], "rotation": [[0.9848076760119464, 0.0327402212420193, -0.1705342170386135], [0.17364861435654835, -0.18567850065351968, 0.9671451044838677], [6.964086041074728e-09, -0.9820649532022228, -0.18854290676637886]], "fy": 711.0673733317556, "fx": 711.0673733317556}, {"id": 29, "img_name": "00000029.png", "width": 512, "height": 512, "position": [0.6383662535233613, -1.753894683938396, 0.35833385459735434], "rotation": [[0.9396924696113426, 0.06448555812889445, -0.3358864024466326], [0.34202055867408937, -0.17717238887013778, 0.9228390336707222], [-6.161080253744792e-09, -0.9820649456196131, -0.18854294626197587]], "fy": 711.0673733317556, "fx": 711.0673733317556}, {"id": 30, "img_name": "00000030.png", "width": 512, "height": 512, "position": [0.9332279181987064, -1.6163984552232173, 0.35833380977816714], "rotation": [[0.8660254644733459, 0.09427144291159432, -0.49103237157553226], [0.49999989488371444, -0.1632829713838988, 0.8504932547482781], [1.6351627883046797e-09, -0.9820649501470925, -0.18854292267966224]], "fy": 711.0673733317556, "fx": 711.0673733317556}, {"id": 31, "img_name": "00000031.png", "width": 512, "height": 512, "position": [1.1997345330062363, -1.4297883622566703, 0.3583338181828439], "rotation": [[0.7660444941679668, 0.1211930677072045, -0.6312591173952744], [0.6427875488487187, -0.1444322921387417, 0.7523054433091692], [3.2685881735920683e-09, -0.9820649435384946, -0.18854295710191313]], "fy": 711.0673733317556, "fx": 711.0673733317556}, {"id": 32, "img_name": "00000032.png", "width": 512, "height": 512, "position": [1.4297889044377283, -1.1997345192856055, 0.35833385856249944], "rotation": [[0.6427874262969551, 0.14443228023085553, -0.7523055503064247], [0.766044597001073, -0.12119302160854466, 0.6312590014557053], [-5.818014172492538e-09, -0.9820649509786541, -0.18854291834829948]], "fy": 711.0673733317556, "fx": 711.0673733317556}, {"id": 33, "img_name": "00000033.png", "width": 512, "height": 512, "position": [1.6163986407961617, -0.9332275899051772, 0.3583338009245156], "rotation": [[0.4999996416718643, 0.16328296356732153, -0.8504934051106333], [0.8660256106651845, -0.09427141713332712, 0.49103211868845015], [-3.9016137519416416e-08, -0.9820649539212497, -0.18854290302117305]], "fy": 711.0673733317556, "fx": 711.0673733317556}, {"id": 34, "img_name": "00000034.png", "width": 512, "height": 512, "position": [1.7538951129347697, -0.6383651435902246, 0.3583337821361703], "rotation": [[0.3420199064239322, 0.1771723897560014, -0.9228392752358953], [0.9396927070110549, -0.06448544422037726, 0.33588576015356225], [-1.7796179911906873e-08, -0.9820649529393908, -0.18854290813539382]], "fy": 711.0673733317556, "fx": 711.0673733317556}, {"id": 35, "img_name": "00000035.png", "width": 512, "height": 512, "position": [1.83810031723464, -0.32410647167875223, 0.3583338558621117], "rotation": [[0.17364814763482922, 0.18567855667664424, -0.9671451775268648], [0.9848077583076773, -0.03274013479759379, 0.17053375838948384], [-1.3586693525709446e-09, -0.9820649454918517, -0.18854294692744786]], "fy": 711.0673733317556, "fx": 711.0673733317556}, {"id": 36, "img_name": "00000036.png", "width": 512, "height": 512, "position": [1.8664556888474575, 8.448202625122721e-08, 0.35833389001552124], "rotation": [[2.496532063870105e-07, 0.18854299489779808, -0.9820649362821717], [0.9999999999999672, 5.184622696877721e-09, 2.552079004093582e-07], [5.320929781837672e-08, -0.9820649362822037, -0.18854299489779044]], "fy": 711.0673733317556, "fx": 711.0673733317556}, {"id": 37, "img_name": "00000037.png", "width": 512, "height": 512, "position": [-0.0, 1.047892845469765e-21, 1.900542499999983], "rotation": [[-0.9999999999999998, -0.0, -0.0], [0.0, 0.9999999999999909, 1.3435885599999825e-07], [-0.0, 1.3435885599999825e-07, -0.9999999999999909]], "fy": 711.0673733317556, "fx": 711.0673733317556}, {"id": 38, "img_name": "00000038.png", "width": 512, "height": 512, "position": [-0.0, 1.0478928454697648e-21, -1.900542499999983], "rotation": [[-1.0, -0.0, -0.0], [-0.0, -0.9999999999999908, 1.3435885599999823e-07], [0.0, 1.3435885599999823e-07, 0.9999999999999909]], "fy": 711.0673733317556, "fx": 711.0673733317556}, {"id": 39, "img_name": "00000039.png", "width": 512, "height": 512, "position": [1.8993855385893537, -9.590842258485322e-08, 0.06630112165460081], "rotation": [[7.678468384719302e-08, 0.03488536717887597, -0.999391320332926], [0.9999999999999958, 4.778785943893108e-08, 7.849956205496943e-08], [5.049725810236312e-08, -0.9993913203329279, -0.03488536717887227]], "fy": 711.0673733317556, "fx": 711.0673733317556}, {"id": 40, "img_name": "00000040.png", "width": 512, "height": 512, "position": [1.6449161888372612, 0.9496928556309705, 0.06630104195037893], "rotation": [[-0.49999994492091265, 0.030211582667847625, -0.8654983046498633], [0.8660254355843618, 0.01744266812473193, -0.4996956055936518], [4.593372784510776e-09, -0.9993913215559728, -0.03488533214125521]], "fy": 711.0673733317556, "fx": 711.0673733317556}, {"id": 41, "img_name": "00000041.png", "width": 512, "height": 512, "position": [0.9496928025785888, 1.644916280344881, 0.06630108173997647], "rotation": [[-0.866025421231514, 0.01744267133023696, -0.49969563035676434], [0.49999996978077776, 0.030211600719469316, -0.8654982896581533], [2.6622127249811912e-09, -0.9993913209543259, -0.034885349377171304]], "fy": 711.0673733317556, "fx": 711.0673733317556}, {"id": 42, "img_name": "00000042.png", "width": 512, "height": 512, "position": [-8.302479105391017e-08, 1.8993857312866202, 0.06630103282376915], "rotation": [[-0.9999999999999988, -1.5248865389290217e-09, 4.368478615453121e-08], [-4.371139234025529e-08, 0.03488532733914869, -0.999391321723597], [3.0887726617324753e-16, -0.999391321723598, -0.03488532733914854]], "fy": 711.0673733317556, "fx": 711.0673733317556}, {"id": 43, "img_name": "00000043.png", "width": 512, "height": 512, "position": [-0.9496929602721708, 1.644916136427591, 0.06630112654337905], "rotation": [[-0.8660253542847098, -0.01744269626147778, 0.4996957455123797], [-0.5000000857360357, 0.030211617818721653, -0.8654982220736981], [5.713419325043585e-09, -0.9993913200022827, -0.034885376651179245]], "fy": 711.0673733317556, "fx": 711.0673733317556}, {"id": 44, "img_name": "00000044.png", "width": 512, "height": 512, "position": [-1.6449163112866805, 0.9496925084589014, 0.06630106541102873], "rotation": [[-0.49999970417762024, -0.03021160927782937, 0.8654984427987933], [-0.8660255745775017, 0.01744264672325442, -0.4996953654507873], [1.7561675210817998e-08, -0.9993913211250793, -0.034885344485445044]], "fy": 711.0673733317556, "fx": 711.0673733317556}, {"id": 45, "img_name": "00000045.png", "width": 512, "height": 512, "position": [-1.899385538370102, -2.619587268305081e-07, 0.06630112185270344], "rotation": [[2.453927723668402e-07, -0.03488537048311471, 0.999391320217559], [-0.9999999999999687, 4.352949466749895e-08, 2.4706169644356696e-07], [-5.212183807342812e-08, -0.9993913202175884, -0.03488537048310302]], "fy": 711.0673733317556, "fx": 711.0673733317556}, {"id": 46, "img_name": "00000046.png", "width": 512, "height": 512, "position": [-1.64491561287995, -0.9496935845916566, 0.06630108445214507], "rotation": [[0.5000003771068137, -0.030211606007591756, 0.8654980541604275], [-0.8660251860616086, -0.017442672425056267, 0.49969603789266565], [-2.0777123850322947e-08, -0.9993913207753577, -0.03488535450422339]], "fy": 711.0673733317556, "fx": 711.0673733317556}, {"id": 47, "img_name": "00000047.png", "width": 512, "height": 512, "position": [-0.9496927040083639, -1.6449163635512853, 0.06630111759995971], "rotation": [[0.8660254106634148, -0.01744267705613015, 0.4996956484725268], [-0.4999999880852633, -0.0302116192008448, 0.8654982784384952], [7.684532022318124e-09, -0.9993913202956978, -0.03488536824545847]], "fy": 711.0673733317556, "fx": 711.0673733317556}, {"id": 48, "img_name": "00000048.png", "width": 512, "height": 512, "position": [2.2649946033816282e-08, -1.8993855419886736, 0.06630101115759632], "rotation": [[0.9999999999999999, 4.160032675681584e-10, -1.1917621523311455e-08], [1.1924879936147105e-08, -0.034885315939151805, 0.9993913221215326], [6.34978614213962e-17, -0.9993913221215327, -0.03488531593915181]], "fy": 711.0673733317556, "fx": 711.0673733317556}, {"id": 49, "img_name": "00000049.png", "width": 512, "height": 512, "position": [0.9496935647180655, -1.644915909063161, 0.06630111067511289], "rotation": [[0.8660251787154866, 0.017442688807135308, -0.4996960500524165], [0.5000003898306578, -0.030211604514071046, 0.8654980468619649], [-6.346830324485783e-09, -0.9993913205345858, -0.034885361401842487]], "fy": 711.0673733317556, "fx": 711.0673733317556}, {"id": 50, "img_name": "00000050.png", "width": 512, "height": 512, "position": [1.64491654280742, -0.9496923820172403, 0.06630111553490863], "rotation": [[0.49999976606737806, 0.030211618048778015, -0.8654984067388234], [0.8660255388454586, -0.017442661878442896, 0.4996954268492229], [1.1311613407719529e-08, -0.9993913205954258, -0.03488535965889992]], "fy": 711.0673733317556, "fx": 711.0673733317556}]