[{"id": 0, "img_name": "00000000.png", "width": 512, "height": 512, "position": [1.9657938353194082, -3.939497174222549e-10, 0.17154790167522457], "rotation": [[5.460776673375512e-09, 0.08693607001670442, -0.9962138925602525], [0.9999999999999998, -2.3781938139801655e-10, 5.460776613248611e-09], [2.3781933092295756e-10, -0.9962138925602525, -0.08693607001670438]], "fy": 711.0673733317556, "fx": 711.0673733317556}, {"id": 1, "img_name": "00000001.png", "width": 512, "height": 512, "position": [1.9359290703992493, 0.34135648418123826, 0.1715479288981409], "rotation": [[-0.17364833792816103, 0.08561532733668159, -0.9810791356765363], [0.9848077247538154, 0.01509630397483838, -0.17299088667184823], [-2.5331286058890283e-09, -0.9962138913563351, -0.08693608381257924]], "fy": 711.0673733317556, "fx": 711.0673733317556}, {"id": 2, "img_name": "00000002.png", "width": 512, "height": 512, "position": [1.8472421921229425, 0.6723410337326887, 0.17154792162975746], "rotation": [[-0.3420199937698813, 0.08169319311224367, -0.9361348973629686], [0.9396926752197492, 0.02973390746594922, -0.3407250664174225], [2.9764815863727466e-08, -0.9962138911629029, -0.08693608602914617]], "fy": 711.0673733317556, "fx": 711.0673733317556}, {"id": 3, "img_name": "00000003.png", "width": 512, "height": 512, "position": [1.702427559624238, 0.9828969171068663, 0.17154786498694824], "rotation": [[-0.4999999624521342, 0.07528882419836573, -0.862746562148289], [0.8660254254627078, 0.04346803409436626, -0.49810690866932056], [1.3499463075692761e-08, -0.9962138941827695, -0.08693605142402776]], "fy": 711.0673733317556, "fx": 711.0673733317556}, {"id": 4, "img_name": "00000004.png", "width": 512, "height": 512, "position": [1.5058855674140064, 1.2635880664048103, 0.1715478677639577], "rotation": [[-0.6427877000447555, 0.0665968491888005, -0.763144044299172], [0.7660443672994217, 0.05588145452671019, -0.6403540351780471], [3.810064138470436e-08, -0.9962138940599566, -0.08693605283134882]], "fy": 711.0673733317556, "fx": 711.0673733317556}, {"id": 5, "img_name": "00000005.png", "width": 512, "height": 512, "position": [1.26358794057962, 1.5058855304331187, 0.17154791315634557], "rotation": [[-0.7660443923038056, 0.05588143594525414, -0.6403540068872761], [0.6427876702456988, 0.06659690251158981, -0.7631440647452934], [7.198512865170036e-09, -0.9962138915376347, -0.08693608173504083]], "fy": 711.0673733317556, "fx": 711.0673733317556}, {"id": 6, "img_name": "00000006.png", "width": 512, "height": 512, "position": [0.982896847191468, 1.7024276071534103, 0.17154791790065843], "rotation": [[-0.8660254541705175, 0.0434680372466243, -0.49810685848186764], [0.49999991272874145, 0.07528885334206012, -0.8627465884219356], [-6.623007099035336e-09, -0.9962138918426925, -0.08693607823933695]], "fy": 711.0673733317556, "fx": 711.0673733317556}, {"id": 7, "img_name": "00000007.png", "width": 512, "height": 512, "position": [0.6723408159704717, 1.8472420739574626, 0.1715478760696461], "rotation": [[-0.9396926540719991, 0.029733885945824785, -0.34072512661921867], [0.34202005187287166, 0.08169318701623018, -0.9361348766668239], [-6.162687612228284e-09, -0.9962138923051073, -0.08693607294045437]], "fy": 711.0673733317556, "fx": 711.0673733317556}, {"id": 8, "img_name": "00000008.png", "width": 512, "height": 512, "position": [0.3413563984159257, 1.9359290849760653, 0.17154784667473788], "rotation": [[-0.9848077615063485, 0.015096283904836446, -0.17299067919723118], [0.1736481294942585, 0.08561531486359669, -0.9810791736572296], [1.729286494470722e-09, -0.9962138927324151, -0.08693606804386884]], "fy": 711.0673733317556, "fx": 711.0673733317556}, {"id": 9, "img_name": "00000009.png", "width": 512, "height": 512, "position": [-8.592757896796616e-08, 1.9657938305767784, 0.17154790491416919], "rotation": [[-0.9999999999999987, -3.800098105380536e-09, 4.354589947699171e-08], [-4.37113956179711e-08, 0.08693609755811858, -0.9962138901568092], [-4.86491068603149e-17, -0.9962138901568102, -0.0869360975581182]], "fy": 711.0673733317556, "fx": 711.0673733317556}, {"id": 10, "img_name": "00000010.png", "width": 512, "height": 512, "position": [-0.341356741838587, 1.935928946363006, 0.1715479381584943], "rotation": [[-0.9848077254799747, -0.015096312008162211, 0.17299088183690872], [-0.17364833380991335, 0.08561535698504458, -0.9810791338181463], [6.051916658055641e-10, -0.9962138886865992, -0.08693611440548982]], "fy": 711.0673733317556, "fx": 711.0673733317556}, {"id": 11, "img_name": "00000011.png", "width": 512, "height": 512, "position": [-0.6723410592780862, 1.8472420617055694, 0.17154788058318907], "rotation": [[-0.9396926095794808, -0.02973389874949992, 0.3407252482086707], [-0.3420201741150742, 0.08169319543199523, -0.9361348312707972], [3.998360017347456e-09, -0.9962138912328338, -0.08693608522780219]], "fy": 711.0673733317556, "fx": 711.0673733317556}, {"id": 12, "img_name": "00000012.png", "width": 512, "height": 512, "position": [-0.9828969906055443, 1.7024274613463939, 0.1715478956336057], "rotation": [[-0.8660253784415826, -0.04346804525543365, 0.4981069894478342], [-0.5000000438951113, 0.07528885404784204, -0.8627465123436022], [1.3771334675911986e-11, -0.9962138914399026, -0.08693608285496678]], "fy": 711.0673733317556, "fx": 711.0673733317556}, {"id": 13, "img_name": "00000013.png", "width": 512, "height": 512, "position": [-1.2635880669263855, 1.505885454591605, 0.17154792697471716], "rotation": [[-0.7660443149563287, -0.05588144711032966, 0.6403540984423735], [-0.6427877624248063, 0.06659690228447959, -0.7631439871236768], [-8.967415047032037e-09, -0.9962138909265256, -0.08693608873783688]], "fy": 711.0673733317556, "fx": 711.0673733317556}, {"id": 14, "img_name": "00000014.png", "width": 512, "height": 512, "position": [-1.5058857307542475, 1.2635876550277256, 0.1715479303610678], "rotation": [[-0.6427873357097733, -0.06659692410021725, 0.7631443446370558], [-0.766044673012698, 0.055881423781145356, -0.6403536721414665], [-7.627947087220066e-09, -0.9962138907767658, -0.0869360904539536]], "fy": 711.0673733317556, "fx": 711.0673733317556}, {"id": 15, "img_name": "00000015.png", "width": 512, "height": 512, "position": [-1.7024275609044046, 0.9828970563308416, 0.17154786227545066], "rotation": [[-0.49999996108668837, -0.07528882583223523, 0.8627465627970438], [-0.8660254262510483, 0.04346804031618553, -0.49810690675572916], [-1.8225746757538165e-08, -0.9962138937878118, -0.08693605594990961]], "fy": 711.0673733317556, "fx": 711.0673733317556}, {"id": 16, "img_name": "00000016.png", "width": 512, "height": 512, "position": [-1.8472421271490311, 0.6723408362911094, 0.17154786295055596], "rotation": [[-0.3420198886531364, -0.08169317185287152, 0.936134937622944], [-0.9396927134790903, 0.029733878930095235, -0.34072496339140557], [-1.990861531114668e-08, -0.9962138937579559, -0.08693605629203525]], "fy": 711.0673733317556, "fx": 711.0673733317556}, {"id": 17, "img_name": "00000017.png", "width": 512, "height": 512, "position": [-1.9359290337046646, 0.3413563228196533, 0.17154787347665768], "rotation": [[-0.1736480620311471, -0.08561530253126494, 0.9810791866741985], [-0.9848077734019096, 0.015096282911454232, -0.17299061156441548], [-5.4164171815713045e-09, -0.9962138938073175, -0.08693605572639385]], "fy": 711.0673733317556, "fx": 711.0673733317556}, {"id": 18, "img_name": "00000018.png", "width": 512, "height": 512, "position": [-1.9657938342287902, -1.7226630223183374e-07, 0.17154790253018146], "rotation": [[1.7435568840866021e-07, -0.08693607634997376, 0.9962138920075553], [-0.9999999999999847, -1.2846659875693933e-08, 1.7389724381694342e-07], [-2.3199229046441754e-09, -0.9962138920075705, -0.08693607634997455]], "fy": 711.0673733317556, "fx": 711.0673733317556}, {"id": 19, "img_name": "00000019.png", "width": 512, "height": 512, "position": [-1.9359290868370014, -0.34135705288609475, 0.17154792566752894], "rotation": [[0.17364862099855805, -0.08561532237531773, 0.9810790860067649], [-0.984807674840777, -0.015096299072970078, 0.17299117124582175], [-3.159770035886277e-08, -0.9962138918569994, -0.08693607807538309]], "fy": 711.0673733317556, "fx": 711.0673733317556}, {"id": 20, "img_name": "00000020.png", "width": 512, "height": 512, "position": [-1.8472415678845355, -0.6723416989211997, 0.17154790897105], "rotation": [[0.34202069591957135, -0.08169318167694141, 0.9361346418278679], [-0.9396924196579922, -0.029733920127641256, 0.3407257701306894], [-1.9572474311783915e-08, -0.996213891722727, -0.08693607961403788]], "fy": 711.0673733317556, "fx": 711.0673733317556}, {"id": 21, "img_name": "00000021.png", "width": 512, "height": 512, "position": [-1.7024275571446874, -0.9828968731463676, 0.17154793520408723], "rotation": [[0.4999999566517302, -0.07528887711861622, 0.8627465608917174], [-0.8660254288115721, -0.04346801360228434, 0.49810690463514407], [-3.029084441779015e-08, -0.9962138910774578, -0.08693608700827031]], "fy": 711.0673733317556, "fx": 711.0673733317556}, {"id": 22, "img_name": "00000022.png", "width": 512, "height": 512, "position": [-1.5058851276729128, -1.2635878277360553, 0.17154786261880733], "rotation": [[0.6427878726664411, -0.06659688660403303, 0.7631438956367276], [-0.7660442224525614, -0.05588140588052493, 0.6403542127009602], [-4.31123397904563e-08, -0.9962138942874995, -0.08693605022390044]], "fy": 711.0673733317556, "fx": 711.0673733317556}, {"id": 23, "img_name": "00000023.png", "width": 512, "height": 512, "position": [-1.2635877922903727, -1.505885733173522, 0.17154790809976575], "rotation": [[0.7660445345617005, -0.05588141092827014, 0.6403538388897293], [-0.6427875007093303, -0.06659691245626058, 0.7631442066760027], [1.3538779227627836e-08, -0.996213892276131, -0.08693607327249632]], "fy": 711.0673733317556, "fx": 711.0673733317556}, {"id": 24, "img_name": "00000024.png", "width": 512, "height": 512, "position": [-0.9828965667296555, -1.7024273937260905, 0.17154780203990666], "rotation": [[0.8660255414552595, -0.04346800365374294, 0.49810670965716053], [-0.4999997615470675, -0.07528880493837632, 0.8627466802624202], [-1.6948027040895706e-08, -0.9962138969665646, -0.08693601952407529]], "fy": 711.0673733317556, "fx": 711.0673733317556}, {"id": 25, "img_name": "00000025.png", "width": 512, "height": 512, "position": [-0.672340039127577, -1.8472423371414162, 0.1715478466208011], "rotation": [[0.9396928179916183, -0.02973383380587656, 0.34072467909175], [-0.342019601506948, -0.08169317319147544, 0.9361350424158559], [-3.551398027706057e-09, -0.9962138949950016, -0.08693604211653459]], "fy": 711.0673733317556, "fx": 711.0673733317556}, {"id": 26, "img_name": "00000026.png", "width": 512, "height": 512, "position": [-0.3413564035975391, -1.9359288115601005, 0.17154782020721124], "rotation": [[0.9848077606926176, -0.015096288326870167, 0.17299068344377447], [-0.1736481341091581, -0.08561530046388674, 0.9810791740970176], [-4.743164371523257e-09, -0.9962138939029259, -0.08693605463080081]], "fy": 711.0673733317556, "fx": 711.0673733317556}, {"id": 27, "img_name": "00000027.png", "width": 512, "height": 512, "position": [2.3441853556795005e-08, -1.9657935768635402, 0.17154784720951133], "rotation": [[0.9999999999999999, 1.0367022434215974e-09, -1.1879732146942437e-08], [1.1924881023499264e-08, -0.08693605831487508, 0.9962138935814298], [9.171194866023173e-17, -0.9962138935814299, -0.08693605831487508]], "fy": 711.0673733317556, "fx": 711.0673733317556}, {"id": 28, "img_name": "00000028.png", "width": 512, "height": 512, "position": [0.3413573006460936, -1.9359284037910764, 0.17154782009610212], "rotation": [[0.9848076753501976, 0.015096329964664049, -0.1729911656499767], [0.17364861810950197, -0.08561529306482914, 0.9810790890759438], [4.3053732815924035e-09, -0.9962138939078401, -0.08693605457448926]], "fy": 711.0673733317556, "fx": 711.0673733317556}, {"id": 29, "img_name": "00000029.png", "width": 512, "height": 512, "position": [0.6723418120248378, -1.8472415641187403, 0.17154785387302166], "rotation": [[0.9396924756198616, 0.02973392443831947, -0.3407256154164407], [0.3420205421658411, -0.08169315039372045, 0.936134700732396], [9.512457593171291e-09, -0.9962138941594043, -0.08693605169177299]], "fy": 711.0673733317556, "fx": 711.0673733317556}, {"id": 30, "img_name": "00000030.png", "width": 512, "height": 512, "position": [0.9828965667296555, -1.7024273937260905, 0.17154780203990666], "rotation": [[0.8660255414552595, 0.04346800365374294, -0.49810670965716053], [0.4999997615470675, -0.07528880493837632, 0.8627466802624202], [1.6948027040895706e-08, -0.9962138969665646, -0.08693601952407529]], "fy": 711.0673733317556, "fx": 711.0673733317556}, {"id": 31, "img_name": "00000031.png", "width": 512, "height": 512, "position": [1.2635877908095097, -1.5058856143607704, 0.17154790858557623], "rotation": [[0.7660445350596731, 0.0558814127015434, -0.6403538381392658], [0.6427875001158696, -0.06659691128969593, 0.7631442072776697], [-1.1354901364132082e-08, -0.9962138922546464, -0.08693607351869373]], "fy": 711.0673733317556, "fx": 711.0673733317556}, {"id": 32, "img_name": "00000032.png", "width": 512, "height": 512, "position": [1.5058853842146627, -1.2635875218964816, 0.17154791471795294], "rotation": [[0.6427876672571438, 0.0665968823761881, -0.7631440690196651], [0.7660443948115009, -0.055881451994102035, 0.6403540024868365], [-1.8474769223552652e-08, -0.9962138919834446, -0.08693607662643052]], "fy": 711.0673733317556, "fx": 711.0673733317556}, {"id": 33, "img_name": "00000033.png", "width": 512, "height": 512, "position": [1.7024275876805095, -0.9828964569411363, 0.1715478973942817], "rotation": [[0.49999995789698404, 0.07528885620076259, -0.8627465619954651], [0.8660254280926248, -0.04346802331099461, 0.49810690503788496], [1.147770475135504e-08, -0.9962138922347026, -0.08693607374723186]], "fy": 711.0673733317556, "fx": 711.0673733317556}, {"id": 34, "img_name": "00000034.png", "width": 512, "height": 512, "position": [1.8472418931761594, -0.6723406650202333, 0.17154784149660074], "rotation": [[0.3420198863458779, 0.08169316514264935, -0.9361349390514855], [0.9396927143188631, -0.02973386557774327, 0.3407249622405906], [-9.831842373782955e-09, -0.9962138947067442, -0.08693604541971851]], "fy": 711.0673733317556, "fx": 711.0673733317556}, {"id": 35, "img_name": "00000035.png", "width": 512, "height": 512, "position": [1.9359290173358943, -0.34135615669515434, 0.17154789743741253], "rotation": [[0.17364809920857957, 0.08561532218349073, -0.9810791783789239], [0.9848077668465289, -0.015096275361879493, 0.1729906495419652], [8.766651886936504e-09, -0.9962138922327951, -0.08693607376908925]], "fy": 711.0673733317556, "fx": 711.0673733317556}, {"id": 36, "img_name": "00000036.png", "width": 512, "height": 512, "position": [1.9657938353938924, 3.4332497950016045e-07, 0.17154790082139845], "rotation": [[-1.6342976597396276e-07, 0.08693606958400585, -0.9962138925979993], [0.9999999999999867, 1.4997522698705325e-08, -1.6274209927677758e-07], [7.92582128991373e-10, -0.9962138925980127, -0.0869360695840072]], "fy": 711.0673733317556, "fx": 711.0673733317556}, {"id": 37, "img_name": "00000037.png", "width": 512, "height": 512, "position": [-0.0, 1.0912689964980979e-21, 1.973264929999982], "rotation": [[-0.9999999999999998, -0.0, -0.0], [0.0, 0.9999999999999909, 1.3435885599999825e-07], [-0.0, 1.3435885599999825e-07, -0.9999999999999909]], "fy": 711.0673733317556, "fx": 711.0673733317556}, {"id": 38, "img_name": "00000038.png", "width": 512, "height": 512, "position": [-0.0, 1.0912689964980979e-21, -1.973264929999982], "rotation": [[-1.0, -0.0, -0.0], [-0.0, -0.9999999999999908, 1.3435885599999823e-07], [0.0, 1.3435885599999823e-07, 0.9999999999999909]], "fy": 711.0673733317556, "fx": 711.0673733317556}, {"id": 39, "img_name": "00000039.png", "width": 512, "height": 512, "position": [1.9720637427957675, -9.95782681737956e-08, 0.06883806883111555], "rotation": [[7.678468384719302e-08, 0.03488536717887597, -0.999391320332926], [0.9999999999999958, 4.778785943893108e-08, 7.849956205496943e-08], [5.049725810236312e-08, -0.9993913203329279, -0.03488536717887227]], "fy": 711.0673733317556, "fx": 711.0673733317556}, {"id": 40, "img_name": "00000040.png", "width": 512, "height": 512, "position": [1.707857419041186, 0.986031964213552, 0.06883798379214903], "rotation": [[-0.5000000055119194, 0.030211576752411668, -0.8654982698528132], [0.8660254006021301, 0.017442668654673178, -0.49969566620306316], [5.569893926408238e-09, -0.9993913217255472, -0.034885327283308044]], "fy": 711.0673733317556, "fx": 711.0673733317556}, {"id": 41, "img_name": "00000041.png", "width": 512, "height": 512, "position": [0.986031903690067, 1.707857469351994, 0.06883802517044528], "rotation": [[-0.8660254209939088, 0.017442668423282823, -0.4996956308700311], [0.4999999701923221, 0.030211597404406546, -0.865498289536121], [3.5392893347274065e-09, -0.9993913211052762, -0.03488534505276556]], "fy": 711.0673733317556, "fx": 711.0673733317556}, {"id": 42, "img_name": "00000042.png", "width": 512, "height": 512, "position": [-8.620164599423703e-08, 1.972063942866414, 0.06883797660125551], "rotation": [[-0.9999999999999988, -1.5248865389290217e-09, 4.368478615453121e-08], [-4.371139234025529e-08, 0.03488532733914869, -0.999391321723597], [3.0887726617324753e-16, -0.999391321723598, -0.03488532733914854]], "fy": 711.0673733317556, "fx": 711.0673733317556}, {"id": 43, "img_name": "00000043.png", "width": 512, "height": 512, "position": [-0.9860320004435884, 1.707857380957989, 0.06883796700628354], "rotation": [[-0.8660253812180375, -0.01744265642039029, 0.4996957002247992], [-0.5000000390861506, 0.030211573993250047, -0.8654982505532277], [-5.004601501502781e-09, -0.9993913220224849, -0.034885318776662406]], "fy": 711.0673733317556, "fx": 711.0673733317556}, {"id": 44, "img_name": "00000044.png", "width": 512, "height": 512, "position": [-1.7078576296949979, 0.9860316116017044, 0.06883798921363835], "rotation": [[-0.4999998247430577, -0.03021158541515492, 0.8654983739809187], [-0.8660255049690576, 0.017442652745300886, -0.49969548587944573], [5.264242617247767e-09, -0.9993913217413434, -0.03488532683077957]], "fy": 711.0673733317556, "fx": 711.0673733317556}, {"id": 45, "img_name": "00000045.png", "width": 512, "height": 512, "position": [-1.9720637425681262, -2.7198231636161606e-07, 0.06883806903679839], "rotation": [[2.453927723668402e-07, -0.03488537048311471, 0.999391320217559], [-0.9999999999999687, 4.352949466749895e-08, 2.4706169644356696e-07], [-5.212183807342812e-08, -0.9993913202175884, -0.03488537048310302]], "fy": 711.0673733317556, "fx": 711.0673733317556}, {"id": 46, "img_name": "00000046.png", "width": 512, "height": 512, "position": [-1.7078569980262637, -0.9860326830977579, 0.0688380218443851], "rotation": [[0.5000003768224138, -0.0302115939694915, 0.8654980547449351], [-0.8660251862258073, -0.017442677401609236, 0.49969603743437807], [-1.0430495056819996e-08, -0.9993913210524124, -0.03488534656720378]], "fy": 711.0673733317556, "fx": 711.0673733317556}, {"id": 47, "img_name": "00000047.png", "width": 512, "height": 512, "position": [-0.9860318757867895, -1.707857602878919, 0.0688380618637124], "rotation": [[0.8660254344904081, -0.017442670496597784, 0.4996956074067963], [-0.4999999468156969, -0.030211621374310195, 0.8654983022041323], [1.2792668562688984e-08, -0.9993913203444796, -0.03488536684796931]], "fy": 711.0673733317556, "fx": 711.0673733317556}, {"id": 48, "img_name": "00000048.png", "width": 512, "height": 512, "position": [2.3516625170061327e-08, -1.972063746325159, 0.06883795410604693], "rotation": [[0.9999999999999999, 4.160032675681584e-10, -1.1917621523311455e-08], [1.1924879936147105e-08, -0.034885315939151805, 0.9993913221215326], [6.34978614213962e-17, -0.9993913221215327, -0.03488531593915181]], "fy": 711.0673733317556, "fx": 711.0673733317556}, {"id": 49, "img_name": "00000049.png", "width": 512, "height": 512, "position": [0.9860326671944407, -1.7078570924710808, 0.06883805743150807], "rotation": [[0.8660251787154866, 0.017442688807135308, -0.4996960500524165], [0.5000003898306578, -0.030211604514071046, 0.8654980468619649], [-6.346830324485783e-09, -0.9993913205345858, -0.034885361401842487]], "fy": 711.0673733317556, "fx": 711.0673733317556}, {"id": 50, "img_name": "00000050.png", "width": 512, "height": 512, "position": [1.707857744120887, -0.9860315120250551, 0.06883806339543479], "rotation": [[0.49999976534418866, 0.03021161806334461, -0.8654984071561024], [0.866025539262992, -0.017442662783828652, 0.4996954260939889], [1.0505186892526455e-08, -0.999391320579183, -0.03488536012420754]], "fy": 711.0673733317556, "fx": 711.0673733317556}]