[{"id": 0, "img_name": "00000000.png", "width": 512, "height": 512, "position": [1.5151699881697, -1.3018571417439397e-07, 0.3173364784497896], "rotation": [[2.543649365383555e-07, 0.2049918180790725, -0.9787636867602778], [0.9999999999999675, -5.369148617346143e-08, 2.4863879213241184e-07], [-1.5823591571989556e-09, -0.9787636867603093, -0.20499181807907926]], "fy": 711.0673733317556, "fx": 711.0673733317556}, {"id": 1, "img_name": "00000001.png", "width": 512, "height": 512, "position": [1.4921512836828368, 0.26310656018489637, 0.31733647676635307], "rotation": [[-0.17364814002012244, 0.20187748195828573, -0.9638940842985466], [0.9848077596503543, 0.035596478371190725, -0.16996048734932193], [3.970536754147776e-08, -0.9787636962034049, -0.20499177299161783]], "fy": 711.0673733317556, "fx": 711.0673733317556}, {"id": 2, "img_name": "00000002.png", "width": 512, "height": 512, "position": [1.4237941102602636, 0.5182187082473205, 0.3173365144299711], "rotation": [[-0.3420201465893496, 0.19262928635219934, -0.9197370153290787], [0.9396926195980253, 0.07011130442737383, -0.33475690532757174], [-2.1899859671110275e-08, -0.9787636911077845, -0.20499179732141717]], "fy": 711.0673733317556, "fx": 711.0673733317556}, {"id": 3, "img_name": "00000003.png", "width": 512, "height": 512, "position": [1.3121757652727628, 0.7575850273241684, 0.317336525779294], "rotation": [[-0.4999999087639866, 0.17752814584195273, -0.847634265865841], [0.8660254564595684, 0.1024959289338573, -0.489381745997929], [2.7500177625911573e-08, -0.9787636803569613, -0.20499184865280662]], "fy": 711.0673733317556, "fx": 711.0673733317556}, {"id": 4, "img_name": "00000004.png", "width": 512, "height": 512, "position": [1.1606876400369894, 0.9739326640419438, 0.3173364497210659], "rotation": [[-0.642787670859809, 0.15703277476552535, -0.749776445242221], [0.7660443917885056, 0.131766161556271, -0.629137241369564], [-2.5057177252023458e-09, -0.9787637030040326, -0.20499174052101088]], "fy": 711.0673733317556, "fx": 711.0673733317556}, {"id": 5, "img_name": "00000005.png", "width": 512, "height": 512, "position": [0.9739325182277111, 1.1606876768820504, 0.31733650458870527], "rotation": [[-0.7660444481686532, 0.13176617562146078, -0.6291371697746664], [0.6427876036685701, 0.15703282881232933, -0.7497764915261178], [8.621425246639737e-09, -0.9787636924392383, -0.20499179096419382]], "fy": 711.0673733317556, "fx": 711.0673733317556}, {"id": 6, "img_name": "00000006.png", "width": 512, "height": 512, "position": [0.7575849873660657, 1.312175867032326, 0.3173364999035729], "rotation": [[-0.8660254369885935, 0.10249587457736689, -0.48938179183878044], [0.4999999424887114, 0.17752810711692985, -0.8476342540829536], [8.968663692839886e-09, -0.9787636930731035, -0.20499178793771042]], "fy": 711.0673733317556, "fx": 711.0673733317556}, {"id": 7, "img_name": "00000007.png", "width": 512, "height": 512, "position": [0.5182184954630557, 1.4237943218248479, 0.3173364733475775], "rotation": [[-0.9396926724651897, 0.0701112941877866, -0.33475675906924224], [0.34202000133797583, 0.1926292618376933, -0.9197370744776121], [-9.209427432781805e-09, -0.9787636966659413, -0.20499177078317257]], "fy": 711.0673733317556, "fx": 711.0673733317556}, {"id": 8, "img_name": "00000008.png", "width": 512, "height": 512, "position": [0.2631063981374923, 1.4921512828400507, 0.3173364801839108], "rotation": [[-0.9848077671545261, 0.03559643573732418, -0.16996045279686442], [0.17364809746183982, 0.20187752116487429, -0.9638940837541276], [1.0967498593763128e-09, -0.9787636896672886, -0.20499180419927948]], "fy": 711.0673733317556, "fx": 711.0673733317556}, {"id": 9, "img_name": "00000009.png", "width": 512, "height": 512, "position": [-6.62301880869748e-08, 1.5151700774176238, 0.3173365116339146], "rotation": [[-0.999999999999999, -8.960476337432828e-09, 4.278312147733112e-08], [-4.3711390043531715e-08, 0.20499182451523057, -0.978763685412324], [-1.2870191725061386e-15, -0.9787636854123251, -0.20499182451523074]], "fy": 711.0673733317556, "fx": 711.0673733317556}, {"id": 10, "img_name": "00000010.png", "width": 512, "height": 512, "position": [-0.26310670706691314, 1.4921512310488092, 0.3173365314557554], "rotation": [[-0.9848077339016982, -0.03559647350344017, 0.16996063756505675], [-0.17364828604798171, 0.20187751868963996, -0.9638940502982225], [-2.764978546958446e-09, -0.9787636888043164, -0.20499180831966665]], "fy": 711.0673733317556, "fx": 711.0673733317556}, {"id": 11, "img_name": "00000011.png", "width": 512, "height": 512, "position": [-0.5182186375553517, 1.423794113346811, 0.31733654259814104], "rotation": [[-0.9396926268601092, -0.07011132153736148, 0.33475688135874415], [-0.3420201266369386, 0.1926293122585479, -0.9197370173229147], [-1.0078610561434688e-08, -0.9787636847835559, -0.2049918275173826]], "fy": 711.0673733317556, "fx": 711.0673733317556}, {"id": 12, "img_name": "00000012.png", "width": 512, "height": 512, "position": [-0.7575851257671077, 1.312175761787691, 0.31733649504228884], "rotation": [[-0.866025445534621, -0.1024958749140958, 0.4893817766449362], [-0.49999992768655493, 0.17752810329644578, -0.8476342636145652], [-3.1392800877328577e-09, -0.9787636937308005, -0.2049917847974382]], "fy": 711.0673733317556, "fx": 711.0673733317556}, {"id": 13, "img_name": "00000013.png", "width": 512, "height": 512, "position": [-0.973932612225582, 1.1606875594526196, 0.3173365136076541], "rotation": [[-0.7660444496574988, -0.13176618547823485, 0.6291371658974334], [-0.6427876018942333, 0.15703282814685074, -0.7497764931866444], [1.528355143762228e-11, -0.9787636912190383, -0.20499179679022006]], "fy": 711.0673733317556, "fx": 711.0673733317556}, {"id": 14, "img_name": "00000014.png", "width": 512, "height": 512, "position": [-1.1606877822003192, 0.9739321737670927, 0.3173364604562564], "rotation": [[-0.6427874118632786, -0.15703285965656266, 0.7497766495018302], [-0.7660446091123599, 0.1317661314731251, -0.629136983054167], [1.099096070967535e-08, -0.9787636934340638, -0.20499178621425426]], "fy": 711.0673733317556, "fx": 711.0673733317556}, {"id": 15, "img_name": "00000015.png", "width": 512, "height": 512, "position": [-1.312175765272763, 0.7575850783241685, 0.317336525779295], "rotation": [[-0.4999999087639866, -0.17752814584195273, 0.847634265865841], [-0.8660254564595684, 0.1024959289338573, -0.489381745997929], [-2.7500177625911573e-08, -0.9787636803569613, -0.20499184865280662]], "fy": 711.0673733317556, "fx": 711.0673733317556}, {"id": 16, "img_name": "00000016.png", "width": 512, "height": 512, "position": [-1.4237943154808417, 0.5182184341932351, 0.31733653327933503], "rotation": [[-0.34201999001558325, -0.19262930150786536, 0.9197370703795364], [-0.9396926765862019, 0.0701112983884515, -0.33475674662140154], [-1.9035738944098872e-09, -0.9787636885575993, -0.20499180949765425]], "fy": 711.0673733317556, "fx": 711.0673733317556}, {"id": 17, "img_name": "00000017.png", "width": 512, "height": 512, "position": [-1.4921512673979633, 0.2631063534325889, 0.3173364833620745], "rotation": [[-0.17364813795294295, -0.20187753396397815, 0.9638940737789079], [-0.9848077600148546, 0.035596461354428455, -0.16996048880127154], [-1.3796520512648631e-08, -0.9787636860957122, -0.20499182125229848]], "fy": 711.0673733317556, "fx": 711.0673733317556}, {"id": 18, "img_name": "00000018.png", "width": 512, "height": 512, "position": [-1.515169988169688, -2.626460702791489e-07, 0.31733647844979096], "rotation": [[2.543649365383555e-07, -0.2049918180790725, 0.9787636867602778], [-0.9999999999999675, -5.369148617346143e-08, 2.4863879213241184e-07], [1.5823591571989556e-09, -0.9787636867603093, -0.20499181807907926]], "fy": 711.0673733317556, "fx": 711.0673733317556}, {"id": 19, "img_name": "00000019.png", "width": 512, "height": 512, "position": [-1.492151109378134, -0.26310703952591963, 0.31733647179913244], "rotation": [[0.17364857664508407, -0.20187749598336613, 0.9638940027018648], [-0.9848076826615116, -0.035596547357018594, 0.16996091899940818], [1.377169081771959e-08, -0.9787636908016896, -0.20499179878291304]], "fy": 711.0673733317556, "fx": 711.0673733317556}, {"id": 20, "img_name": "00000020.png", "width": 512, "height": 512, "position": [-1.4237941241143623, -0.5182190031673871, 0.3173365204848839], "rotation": [[0.3420203335082882, -0.19262930375627108, 0.9197369421749098], [-0.9396925515650736, -0.07011135283636451, 0.334757086163349], [-2.3165659599702368e-08, -0.9787636842148512, -0.20499183023274448]], "fy": 711.0673733317556, "fx": 711.0673733317556}, {"id": 21, "img_name": "00000021.png", "width": 512, "height": 512, "position": [-1.3121754578686255, -0.7575849882303781, 0.31733649744782016], "rotation": [[0.500000178403954, -0.17752812445778926, 0.8476341112900742], [-0.8660253007828428, -0.10249592936939789, 0.48938202139707776], [-2.6400104958912373e-08, -0.9787636841900107, -0.2049918303513488]], "fy": 711.0673733317556, "fx": 711.0673733317556}, {"id": 22, "img_name": "00000022.png", "width": 512, "height": 512, "position": [-1.160687783191428, -0.9739325093584439, 0.3173365328598782], "rotation": [[0.6427876357339058, -0.15703284713212848, 0.7497764601994338], [-0.7660444212626405, -0.13176615886432208, 0.6291372060453335], [-4.25346835939081e-08, -0.9787636917559417, -0.20499179422669186]], "fy": 711.0673733317556, "fx": 711.0673733317556}, {"id": 23, "img_name": "00000023.png", "width": 512, "height": 512, "position": [-0.973932464567708, -1.1606878402149952, 0.3173364948667806], "rotation": [[0.7660445261635573, -0.13176614744145376, 0.6291370807091949], [-0.6427875107178503, -0.15703284426002898, 0.7497765679779242], [1.540889000731284e-08, -0.978763693754546, -0.20499178468406293]], "fy": 711.0673733317556, "fx": 711.0673733317556}, {"id": 24, "img_name": "00000024.png", "width": 512, "height": 512, "position": [-0.7575847189664983, -1.312175705301839, 0.3173364329724452], "rotation": [[0.8660255119134178, -0.10249585936282445, 0.48938166243595477], [-0.4999998127150675, -0.17752811678333308, 0.8476343286088999], [-4.015648046424578e-09, -0.9787636929130744, -0.2049917887017932]], "fy": 711.0673733317556, "fx": 711.0673733317556}, {"id": 25, "img_name": "00000025.png", "width": 512, "height": 512, "position": [-0.5182178785008039, -1.423794286280477, 0.31733643561125807], "rotation": [[0.9396928306269432, -0.07011121770967693, 0.33475633111203346], [-0.3420195667916126, -0.19262927650234424, 0.9197372329996545], [-2.751184443612664e-08, -0.9787636992581252, -0.2049917584064041]], "fy": 711.0673733317556, "fx": 711.0673733317556}, {"id": 26, "img_name": "00000026.png", "width": 512, "height": 512, "position": [-0.26310649853492724, -1.4921513822205115, 0.31733649218248444], "rotation": [[0.984807757614715, -0.035596447248783976, 0.16996050566276077], [-0.1736481515648145, -0.2018774975580834, 0.9638940789515252], [-3.167908562929152e-09, -0.9787636941177125, -0.20499178295007198]], "fy": 711.0673733317556, "fx": 711.0673733317556}, {"id": 27, "img_name": "00000027.png", "width": 512, "height": 512, "position": [1.806821963641204e-08, -1.515169984100807, 0.31733652109811794], "rotation": [[0.9999999999999999, 2.4445026121630854e-09, -1.1671639550190399e-08], [1.1924879991448163e-08, -0.20499183062888107, 0.9787636841318845], [-3.7528322651055944e-16, -0.9787636841318846, -0.2049918306288811]], "fy": 711.0673733317556, "fx": 711.0673733317556}, {"id": 28, "img_name": "00000028.png", "width": 512, "height": 512, "position": [0.2631072123525766, -1.4921511432672447, 0.31733647677560617], "rotation": [[0.9848076791728679, 0.03559654847547572, -0.1699609389794691], [0.17364859643011668, -0.20187748178817236, 0.9638940021105621], [1.3207820460370902e-08, -0.9787636936888797, -0.20499178499759593]], "fy": 711.0673733317556, "fx": 711.0673733317556}, {"id": 29, "img_name": "00000029.png", "width": 512, "height": 512, "position": [0.5182191789395992, -1.423793690140784, 0.3173364331755391], "rotation": [[0.9396924907537835, 0.07011138658394726, -0.33475724979786053], [0.3420205005857848, -0.19262921336274677, 0.9197368989761682], [3.5836005832806475e-09, -0.9787636995876612, -0.2049917568329866]], "fy": 711.0673733317556, "fx": 711.0673733317556}, {"id": 30, "img_name": "00000030.png", "width": 512, "height": 512, "position": [0.7575847189664983, -1.312175705301839, 0.3173364329724452], "rotation": [[0.8660255119134178, 0.10249585936282445, -0.48938166243595477], [0.4999998127150675, -0.17752811678333308, 0.8476343286088999], [4.015648046424578e-09, -0.9787636929130744, -0.2049917887017932]], "fy": 711.0673733317556, "fx": 711.0673733317556}, {"id": 31, "img_name": "00000031.png", "width": 512, "height": 512, "position": [0.9739324052653339, -1.1606876955114287, 0.3173364690930777], "rotation": [[0.7660445054916849, 0.1317661592740954, -0.6291371034012804], [0.6427875353536342, -0.1570328504540927, 0.749776545560251], [-1.6951261365359864e-08, -0.9787636911677998, -0.20499179703486536]], "fy": 711.0673733317556, "fx": 711.0673733317556}, {"id": 32, "img_name": "00000032.png", "width": 512, "height": 512, "position": [1.1606877522493437, -0.9739322020739654, 0.31733650133137564], "rotation": [[0.6427874376071557, 0.1570328466564194, -0.7497766301542135], [0.7660445875106923, -0.1317661697509002, 0.6291370013397323], [-2.0466896406819824e-08, -0.9787636903666574, -0.20499180086003718]], "fy": 711.0673733317556, "fx": 711.0673733317556}, {"id": 33, "img_name": "00000033.png", "width": 512, "height": 512, "position": [1.3121759977505538, -0.7575846954341048, 0.3173364809630145], "rotation": [[0.49999975161058574, 0.17752812711315627, -0.8476343624895389], [0.8660255471920858, -0.10249587347258866, 0.4893815970505418], [-2.6000718373039694e-08, -0.9787636895618806, -0.2049918047025616]], "fy": 711.0673733317556, "fx": 711.0673733317556}, {"id": 34, "img_name": "00000034.png", "width": 512, "height": 512, "position": [1.4237940665753883, -0.5182183777177711, 0.31733649921729623], "rotation": [[0.34201998796088084, 0.19262931368832323, -0.9197370685925431], [0.9396926773340499, -0.07011123567530367, 0.33475675765673], [6.210453933973461e-08, -0.9787636906526758, -0.20499179949439073]], "fy": 711.0673733317556, "fx": 711.0673733317556}, {"id": 35, "img_name": "00000035.png", "width": 512, "height": 512, "position": [1.49215133390651, -0.2631062118198529, 0.31733647508078605], "rotation": [[0.1736479356223584, 0.20187750286885106, -0.9638941167418391], [0.9848077956911656, -0.03559642261636189, 0.16996029019398776], [-2.336573999048911e-08, -0.9787636939181764, -0.20499178390278236]], "fy": 711.0673733317556, "fx": 711.0673733317556}, {"id": 36, "img_name": "00000036.png", "width": 512, "height": 512, "position": [1.5151699983966214, 3.77081035416659e-07, 0.3173364528405277], "rotation": [[-8.349856203240647e-08, 0.20499178653609768, -0.978763693366653], [0.9999999999999959, 4.635857313771138e-08, -7.560091981735035e-08], [2.9876520583960656e-08, -0.9787636933666554, -0.20499178653610053]], "fy": 711.0673733317556, "fx": 711.0673733317556}, {"id": 37, "img_name": "00000037.png", "width": 512, "height": 512, "position": [-0.0, 8.326241695826545e-22, 1.5480447999999862], "rotation": [[-0.9999999999999998, -0.0, -0.0], [0.0, 0.9999999999999909, 1.3435885599999825e-07], [-0.0, 1.3435885599999825e-07, -0.9999999999999909]], "fy": 711.0673733317556, "fx": 711.0673733317556}, {"id": 38, "img_name": "00000038.png", "width": 512, "height": 512, "position": [-0.0, 8.326241695826544e-22, -1.5480447999999862], "rotation": [[-1.0, -0.0, -0.0], [-0.0, -0.9999999999999908, 1.3435885599999823e-07], [0.0, 1.3435885599999823e-07, 0.9999999999999909]], "fy": 711.0673733317556, "fx": 711.0673733317556}, {"id": 39, "img_name": "00000039.png", "width": 512, "height": 512, "position": [1.5471024466718095, -7.812008269009135e-08, -0.05400411207411172], "rotation": [[7.678468385106607e-08, -0.03488536717887608, -0.999391320332926], [0.9999999999999958, -4.778785943893107e-08, 7.849956205496943e-08], [-5.0497257991408394e-08, -0.9993913203329279, 0.03488536717887227]], "fy": 711.0673733317556, "fx": 711.0673733317556}, {"id": 40, "img_name": "00000040.png", "width": 512, "height": 512, "position": [1.3398300384732682, 0.773551311150664, -0.0540040453602486], "rotation": [[-0.5000000055119197, -0.030211576752411592, -0.8654982698528135], [0.8660254006021305, -0.01744266865467312, -0.49969566620306294], [-5.569894019850066e-09, -0.9993913217255475, 0.03488532728330812]], "fy": 711.0673733317556, "fx": 711.0673733317556}, {"id": 41, "img_name": "00000041.png", "width": 512, "height": 512, "position": [0.7735512028948914, 1.3398301438014466, -0.054004077821907685], "rotation": [[-0.8660254209939088, -0.017442668423282764, -0.4996956308700311], [0.4999999701923221, -0.03021159740440645, -0.865498289536121], [-3.539289390745557e-09, -0.9993913211052762, 0.03488534505276566]], "fy": 711.0673733317556, "fx": 711.0673733317556}, {"id": 42, "img_name": "00000042.png", "width": 512, "height": 512, "position": [-6.762600085843919e-08, 1.5471026036291027, -0.05400403971892443], "rotation": [[-0.9999999999999988, 1.524886538929012e-09, 4.368478615453121e-08], [-4.371139234025529e-08, -0.03488532733914847, -0.999391321723597], [-3.0887725647918056e-16, -0.999391321723598, 0.034885327339148765]], "fy": 711.0673733317556, "fx": 711.0673733317556}, {"id": 43, "img_name": "00000043.png", "width": 512, "height": 512, "position": [-0.7735513411490516, 1.3398299645090606, -0.054004116056155495], "rotation": [[-0.8660253542847098, 0.017442696261477837, 0.4996957455123797], [-0.5000000857360357, -0.030211617818721746, -0.8654982220736981], [-5.713419381061752e-09, -0.9993913200022827, 0.03488537665117915]], "fy": 711.0673733317556, "fx": 711.0673733317556}, {"id": 44, "img_name": "00000044.png", "width": 512, "height": 512, "position": [-1.33983029545091, 0.7735510091016454, -0.054004049613456596], "rotation": [[-0.4999998247430577, 0.030211585415154625, 0.8654983739809187], [-0.8660255049690576, -0.017442652745300723, -0.49969548587944573], [-5.2642423289789e-09, -0.9993913217413434, 0.03488532683077974]], "fy": 711.0673733317556, "fx": 711.0673733317556}, {"id": 45, "img_name": "00000045.png", "width": 512, "height": 512, "position": [-1.5471024464932228, -2.1337267749552484e-07, -0.05400411223547183], "rotation": [[2.4539277237458624e-07, 0.03488537048311493, 0.999391320217559], [-0.9999999999999687, -4.352949466749889e-08, 2.4706169644356696e-07], [5.212183785151867e-08, -0.9993913202175884, 0.03488537048310302]], "fy": 711.0673733317556, "fx": 711.0673733317556}, {"id": 46, "img_name": "00000046.png", "width": 512, "height": 512, "position": [-1.3398297650128592, -0.7735519277473151, -0.0540040685276114], "rotation": [[0.5000003774350262, 0.030211578922181095, 0.8654980549162777], [-0.8660251858721149, 0.017442694827631555, 0.4996960374390804], [-1.2173621296273505e-08, -0.9993913212031506, 0.034885342248871756]], "fy": 711.0673733317556, "fx": 711.0673733317556}, {"id": 47, "img_name": "00000047.png", "width": 512, "height": 512, "position": [-0.7735511591956292, -1.339830251355984, -0.05400404082706182], "rotation": [[0.8660254346608318, 0.017442666843128413, 0.4996956072389638], [-0.49999994652051427, 0.030211574416965006, 0.8654983040137808], [7.54627461499232e-09, -0.9993913218277652, 0.03488532435497955]], "fy": 711.0673733317556, "fx": 711.0673733317556}, {"id": 48, "img_name": "00000048.png", "width": 512, "height": 512, "position": [1.8449011632341672e-08, -1.5471024463128211, -0.054004111676925], "rotation": [[0.9999999999999999, -4.1600383582595197e-10, -1.1917621516525305e-08], [1.1924879949188958e-08, 0.034885373822300676, 0.9993913201010293], [5.902348650802246e-17, -0.9993913201010293, 0.034885373822300676]], "fy": 711.0673733317556, "fx": 711.0673733317556}, {"id": 49, "img_name": "00000049.png", "width": 512, "height": 512, "position": [0.7735518556606397, -1.3398298733903602, -0.05400403994563122], "rotation": [[0.866025177883597, -0.01744267559252489, -0.4996960519554441], [0.500000391271531, 0.030211565012984228, 0.8654980474084167], [-1.9065253112615646e-09, -0.9993913219593413, 0.034885320585596354]], "fy": 711.0673733317556, "fx": 711.0673733317556}, {"id": 50, "img_name": "00000050.png", "width": 512, "height": 512, "position": [1.3398302924668968, -0.7735508794133857, -0.054004038338192006], "rotation": [[0.4999997664493843, -0.030211574069112495, -0.8654984080533179], [0.8660255386249074, 0.01744265783012252, 0.49969542737277467], [7.1681203138066606e-09, -0.9993913219955872, 0.03488531954722726]], "fy": 711.0673733317556, "fx": 711.0673733317556}]