[{"id": 0, "img_name": "00000000.png", "width": 512, "height": 512, "position": [1.5144626821948042, -1.374031389115923e-10, 0.6343765824495494], "rotation": [[1.0166256308685632e-09, 0.38635333331127397, -0.922350856149257], [1.0, -2.0432094828675077e-10, 1.0166255284670474e-09], [2.043209911805874e-10, -0.9223508561492572, -0.38635333331127386]], "fy": 711.0673733317556, "fx": 711.0673733317556}, {"id": 1, "img_name": "00000001.png", "width": 512, "height": 512, "position": [1.4914544002088606, 0.2629837312069504, 0.6343765704448461], "rotation": [[-0.17364813224684192, 0.38048383303607386, -0.9083382514049271], [0.9848077610209928, 0.06708959740819768, -0.16016447718650184], [5.3401083903702263e-08, -0.9223508219315378, -0.3863534150000672]], "fy": 711.0673733317556, "fx": 711.0673733317556}, {"id": 2, "img_name": "00000002.png", "width": 512, "height": 512, "position": [1.4231292166157272, 0.5179767357195215, 0.6343765563219279], "rotation": [[-0.34201997894087205, 0.3630534267754382, -0.8667263370360319], [0.9396926806170646, 0.13214060104014833, -0.31546240275421716], [3.277453547086718e-08, -0.9223508393574322, -0.3863533733988085]], "fy": 711.0673733317556, "fx": 711.0673733317556}, {"id": 3, "img_name": "00000003.png", "width": 512, "height": 512, "position": [1.3115629901725008, 0.7572313079491231, 0.6343765888429082], "rotation": [[-0.500000106442193, 0.3345918300958705, -0.798779194014774], [0.8660253423299998, 0.19317668488652168, -0.4611755358412458], [-4.9876464372785194e-08, -0.9223508419518843, -0.3863533672050082]], "fy": 711.0673733317556, "fx": 711.0673733317556}, {"id": 4, "img_name": "00000004.png", "width": 512, "height": 512, "position": [1.1601456159985473, 0.9734777998306281, 0.6343765976856469], "rotation": [[-0.6427874601654519, 0.2959639090572489, -0.7065618483824327], [0.766044568582042, 0.2483431358785211, -0.592875539896845], [2.2747120259512486e-08, -0.9223508288051651, -0.38635339859049317]], "fy": 711.0673733317556, "fx": 711.0673733317556}, {"id": 5, "img_name": "00000005.png", "width": 512, "height": 512, "position": [0.9734777868537079, 1.1601457696991417, 0.6343765592783837], "rotation": [[-0.7660444710860718, 0.24834317139284087, -0.5928756509935339], [0.6427875763566536, 0.2959638918007089, -0.7065617499070536], [-7.348678109877778e-10, -0.9223508247802049, -0.3863534081993787]], "fy": 711.0673733317556, "fx": 711.0673733317556}, {"id": 6, "img_name": "00000006.png", "width": 512, "height": 512, "position": [0.7572312878144739, 1.311563166244375, 0.634376590569865], "rotation": [[-0.866025376235595, 0.19317670301215553, -0.46117546457866615], [0.5000000477159927, 0.3345918508677242, -0.7987792220738564], [1.571331642254879e-08, -0.9223508306204662, -0.38635339425678056]], "fy": 711.0673733317556, "fx": 711.0673733317556}, {"id": 7, "img_name": "00000007.png", "width": 512, "height": 512, "position": [0.5179764911156292, 1.423129449576406, 0.6343765768736388], "rotation": [[-0.9396926741948467, 0.13214057071019075, -0.3154624345891649], [0.34201999658578147, 0.3630533915405498, -0.8667263448323044], [-7.074463141864882e-09, -0.9223508575717214, -0.38635332991539056]], "fy": 711.0673733317556, "fx": 711.0673733317556}, {"id": 8, "img_name": "00000008.png", "width": 512, "height": 512, "position": [0.2629835584029357, 1.4914546039547594, 0.6343766040286477], "rotation": [[-0.9848077695864507, 0.06708951409422045, -0.1601644594183138], [0.17364808366970044, 0.38048373344385805, -0.9083383024085594], [-3.85726206271284e-09, -0.9223508690749006, -0.386353302453564]], "fy": 711.0673733317556, "fx": 711.0673733317556}, {"id": 9, "img_name": "00000009.png", "width": 512, "height": 512, "position": [-6.619925849171426e-08, 1.5144625036789507, 0.6343766166358152], "rotation": [[-0.9999999999999991, -1.688803978051694e-08, 4.0317231281410994e-08], [-4.371138325227318e-08, 0.3863533541316896, -0.9223508474280225], [2.680817372434202e-16, -0.9223508474280235, -0.38635335413169003]], "fy": 711.0673733317556, "fx": 711.0673733317556}, {"id": 10, "img_name": "00000010.png", "width": 512, "height": 512, "position": [-0.26298384523036694, 1.4914545167864308, 0.6343766312320205], "rotation": [[-0.9848077362477345, -0.06708958696529771, 0.16016463388475422], [-0.1736482727429547, 0.38048372117110557, -0.9083382714039835], [3.5527867338588768e-09, -0.9223508688371329, -0.38635330302119264]], "fy": 711.0673733317556, "fx": 711.0673733317556}, {"id": 11, "img_name": "00000011.png", "width": 512, "height": 512, "position": [-0.5179766728427606, 1.4231292945037124, 0.6343765996212686], "rotation": [[-0.9396926136688977, -0.13214064572478085, 0.315462583460469], [-0.3420201628794935, 0.3630533789805388, -0.8667262844720344], [1.4029521263905187e-08, -0.922350851768594, -0.3863533437693381]], "fy": 711.0673733317556, "fx": 711.0673733317556}, {"id": 12, "img_name": "00000012.png", "width": 512, "height": 512, "position": [-0.7572313280047877, 1.3115630247140375, 0.6343765779017484], "rotation": [[-0.8660253729028156, -0.19317673948576736, 0.46117545555914646], [-0.5000000534885354, 0.33459185900599364, -0.7987792150515528], [1.1329188835772118e-08, -0.9223508200292126, -0.38635341954153624]], "fy": 711.0673733317556, "fx": 711.0673733317556}, {"id": 13, "img_name": "00000013.png", "width": 512, "height": 512, "position": [-0.9734777693759347, 1.1601455890352232, 0.6343765937348289], "rotation": [[-0.7660444412094509, -0.24834319108236877, 0.5928756813490718], [-0.6427876119622251, 0.2959639026731459, -0.7065617129609988], [-9.958712559815818e-09, -0.9223508159900478, -0.38635342918433263]], "fy": 711.0673733317556, "fx": 711.0673733317556}, {"id": 14, "img_name": "00000014.png", "width": 512, "height": 512, "position": [-1.1601458818647103, 0.9734775754934714, 0.6343765774103101], "rotation": [[-0.6427873947820769, -0.2959639251206633, 0.7065619011356616], [-0.7660446234451813, 0.2483430975243969, -0.5928754850748325], [-1.5450192203623664e-08, -0.9223508339775912, -0.3863533862422345]], "fy": 711.0673733317556, "fx": 711.0673733317556}, {"id": 15, "img_name": "00000015.png", "width": 512, "height": 512, "position": [-1.3115629901725006, 0.7572313629491251, 0.6343765888429062], "rotation": [[-0.500000106442193, -0.3345918300958705, 0.798779194014774], [-0.8660253423299998, 0.19317668488652168, -0.4611755358412458], [4.9876464372785194e-08, -0.9223508419518843, -0.3863533672050082]], "fy": 711.0673733317556, "fx": 711.0673733317556}, {"id": 16, "img_name": "00000016.png", "width": 512, "height": 512, "position": [-1.4231294302968525, 0.5179764922794016, 0.6343765933317019], "rotation": [[-0.3420199871774348, -0.36305342843530747, 0.8667263330905066], [-0.9396926776192027, 0.1321405863633454, -0.3154624178319887], [-1.3534736783168855e-08, -0.9223508408067508, -0.38635336993881575]], "fy": 711.0673733317556, "fx": 711.0673733317556}, {"id": 17, "img_name": "00000017.png", "width": 512, "height": 512, "position": [-1.4914546498272803, 0.2629835034965763, 0.6343766182846915], "rotation": [[-0.17364807332094634, -0.38048379322416803, 0.9083382793462309], [-0.9848077714112135, 0.06708947844865536, -0.16016446312951568], [4.105494306385206e-08, -0.9223508470073823, -0.38635335513589386]], "fy": 711.0673733317556, "fx": 711.0673733317556}, {"id": 18, "img_name": "00000018.png", "width": 512, "height": 512, "position": [-1.5144626593085544, -1.3314749545381827e-07, 0.6343765878276083], "rotation": [[1.7497602794117956e-07, -0.3863533665866627, 0.9223508422108809], [-0.9999999999999847, -5.49923860858797e-08, 1.6667143072227169e-07], [-1.367179472347797e-08, -0.9223508422108958, -0.38635336658666636]], "fy": 711.0673733317556, "fx": 711.0673733317556}, {"id": 19, "img_name": "00000019.png", "width": 512, "height": 512, "position": [-1.4914544378412322, -0.26298414702852385, 0.6343765897045989], "rotation": [[0.17364861767285064, -0.3804837955102087, 0.9083381743241081], [-0.9848076754271899, -0.06708968773727773, 0.160164965641706], [-4.955986508257387e-08, -0.9223508308412044, -0.3863533937298045]], "fy": 711.0673733317556, "fx": 711.0673733317556}, {"id": 20, "img_name": "00000020.png", "width": 512, "height": 512, "position": [-1.4231292685491759, -0.5179770692731565, 0.6343765992773354], "rotation": [[0.34202035943412196, -0.36305339130126557, 0.8667262017483977], [-0.9396925421288356, -0.1321406989755535, 0.31546277425664443], [-2.39037204555923e-08, -0.9223508392899648, -0.386353373559876]], "fy": 711.0673733317556, "fx": 711.0673733317556}, {"id": 21, "img_name": "00000021.png", "width": 512, "height": 512, "position": [-1.3115629901725008, -0.7572313079491232, 0.6343765888429082], "rotation": [[0.500000106442193, -0.3345918300958705, 0.7987791940147739], [-0.8660253423299998, -0.19317668488652173, 0.4611755358412459], [-4.9876464394955765e-08, -0.9223508419518843, -0.3863533672050081]], "fy": 711.0673733317556, "fx": 711.0673733317556}, {"id": 22, "img_name": "00000022.png", "width": 512, "height": 512, "position": [-1.160145674832821, -0.9734777809355895, 0.63437658736119], "rotation": [[0.6427875155498203, -0.2959638777028397, 0.7065618111307655], [-0.7660445221090533, -0.2483431634630383, 0.5928755883892355], [3.722335760061088e-08, -0.9223508314390293, -0.3863533923026034]], "fy": 711.0673733317556, "fx": 711.0673733317556}, {"id": 23, "img_name": "00000023.png", "width": 512, "height": 512, "position": [-0.9734775305895779, -1.1601456710916234, 0.6343765637584674], "rotation": [[0.7660445261743646, -0.24834317341629464, 0.5928755789673054], [-0.64278751070497, -0.2959638936646278, 0.7065618088522622], [-3.701529382894447e-08, -0.922350823637295, -0.3863534109278726]], "fy": 711.0673733317556, "fx": 711.0673733317556}, {"id": 24, "img_name": "00000024.png", "width": 512, "height": 512, "position": [-0.7572310364478222, -1.3115629661975652, 0.6343765928306115], "rotation": [[0.8660254678252811, -0.19317668437546584, 0.4611753003920577], [-0.4999998890779904, -0.3345919013225943, 0.7987793002396396], [-1.616685113930011e-08, -0.9223508162207225, -0.3863534286336369]], "fy": 711.0673733317556, "fx": 711.0673733317556}, {"id": 25, "img_name": "00000025.png", "width": 512, "height": 512, "position": [-0.517975850851641, -1.4231294768071028, 0.6343766247701204], "rotation": [[0.9396928218150488, -0.13214045539241454, 0.3154620431651902], [-0.34201959100213924, -0.3630535241490918, 0.8667264493331525], [-2.1209137970504218e-08, -0.9223508218956654, -0.3863534150857081]], "fy": 711.0673733317556, "fx": 711.0673733317556}, {"id": 26, "img_name": "00000026.png", "width": 512, "height": 512, "position": [-0.2629836317633213, -1.491454701148383, 0.6343765581540325], "rotation": [[0.9848077657807188, -0.06708952000037574, 0.16016448034476316], [-0.17364810525309166, -0.3804837040324953, 0.9083383106022357], [-6.520240954775287e-09, -0.9223508807779345, -0.3863532745146186]], "fy": 711.0673733317556, "fx": 711.0673733317556}, {"id": 27, "img_name": "00000027.png", "width": 512, "height": 512, "position": [1.8059786867919776e-08, -1.5144625649952814, 0.6343764702538528], "rotation": [[0.9999999999999999, 4.607217018323978e-09, -1.099892286317078e-08], [1.1924879571883068e-08, -0.386353264980901, 0.9223508847714071], [9.337258933466488e-16, -0.9223508847714073, -0.386353264980901]], "fy": 711.0673733317556, "fx": 711.0673733317556}, {"id": 28, "img_name": "00000028.png", "width": 512, "height": 512, "position": [0.2629843542816314, -1.4914543279792118, 0.634376544427823], "rotation": [[0.9848076747220944, 0.06708971042863103, -0.16016496047220724], [0.17364862167164258, -0.38048366196620076, 0.9083382294984225], [-1.890832672892102e-09, -0.9223508842796175, -0.38635326615496307]], "fy": 711.0673733317556, "fx": 711.0673733317556}, {"id": 29, "img_name": "00000029.png", "width": 512, "height": 512, "position": [0.517977184286497, -1.4231288375139906, 0.6343765613260454], "rotation": [[0.9396924829888146, 0.13214080376532378, -0.31546290652717074], [0.34202052191983406, -0.36305335623270285, 0.8667261523190899], [2.343025819072437e-08, -0.922350838080838, -0.3863533764464535]], "fy": 711.0673733317556, "fx": 711.0673733317556}, {"id": 30, "img_name": "00000030.png", "width": 512, "height": 512, "position": [0.7572310364478222, -1.3115629661975652, 0.6343765928306115], "rotation": [[0.8660254678252811, 0.19317668437546584, -0.4611753003920577], [0.4999998890779904, -0.3345919013225943, 0.7987793002396396], [1.616685113930011e-08, -0.9223508162207225, -0.3863534286336369]], "fy": 711.0673733317556, "fx": 711.0673733317556}, {"id": 31, "img_name": "00000031.png", "width": 512, "height": 512, "position": [0.9734775305895779, -1.1601456710916234, 0.6343765637584674], "rotation": [[0.7660445261743646, 0.24834317341629464, -0.5928755789673054], [0.64278751070497, -0.2959638936646278, 0.7065618088522622], [3.701529382894447e-08, -0.922350823637295, -0.3863534109278726]], "fy": 711.0673733317556, "fx": 711.0673733317556}, {"id": 32, "img_name": "00000032.png", "width": 512, "height": 512, "position": [1.160145608889466, -0.9734774069114344, 0.6343765754374732], "rotation": [[0.642787461368561, 0.29596393866478954, -0.7065618348859393], [0.7660445675725144, -0.24834313085280127, 0.5928755433064076], [2.7183171259899413e-09, -0.9223508206578738, -0.3863534180407194]], "fy": 711.0673733317556, "fx": 711.0673733317556}, {"id": 33, "img_name": "00000033.png", "width": 512, "height": 512, "position": [1.311563237206638, -0.7572309753083482, 0.6343765961742182], "rotation": [[0.49999970454847503, 0.33459189325754285, -0.7987794191250615], [0.866025574363388, -0.19317652441718328, 0.4611751673308758], [4.039804583244656e-08, -0.9223508526479665, -0.38635334166998975]], "fy": 711.0673733317556, "fx": 711.0673733317556}, {"id": 34, "img_name": "00000034.png", "width": 512, "height": 512, "position": [1.423129439768087, -0.517976409737119, 0.6343765880409186], "rotation": [[0.34201995728861767, 0.36305344282183216, -0.8667263388587582], [0.939692688497836, -0.13214053741547177, 0.315462405930182], [2.8344870275334983e-08, -0.9223508421564782, -0.38635336671657744]], "fy": 711.0673733317556, "fx": 711.0673733317556}, {"id": 35, "img_name": "00000035.png", "width": 512, "height": 512, "position": [1.4914545461770707, -0.2629834193593357, 0.6343765773012303], "rotation": [[0.17364808430620038, 0.38048381715916263, -0.9083382672203013], [0.9848077694742191, -0.06708952145828229, 0.16016445702374774], [4.311564747369147e-09, -0.9223508340054187, -0.3863533861758019]], "fy": 711.0673733317556, "fx": 711.0673733317556}, {"id": 36, "img_name": "00000036.png", "width": 512, "height": 512, "position": [1.5144626603882634, 2.640481159586731e-07, 0.6343765852499991], "rotation": [[-1.6389326457413622e-07, 0.3863533650168259, -0.9223508428684543], [0.9999999999999862, 5.276497623133092e-08, -1.55588667626885e-07], [-1.144438519175316e-08, -0.9223508428684675, -0.3863533650168291]], "fy": 711.0673733317556, "fx": 711.0673733317556}, {"id": 37, "img_name": "00000037.png", "width": 512, "height": 512, "position": [-0.0, 9.108326648283897e-22, 1.6419594299999851], "rotation": [[-0.9999999999999998, -0.0, -0.0], [0.0, 0.9999999999999909, 1.3435885599999825e-07], [-0.0, 1.3435885599999825e-07, -0.9999999999999909]], "fy": 711.0673733317556, "fx": 711.0673733317556}, {"id": 38, "img_name": "00000038.png", "width": 512, "height": 512, "position": [-0.0, 9.108326648283895e-22, -1.6419594299999851], "rotation": [[-1.0, -0.0, -0.0], [-0.0, -0.9999999999999908, 1.3435885599999823e-07], [0.0, 1.3435885599999823e-07, 0.9999999999999909]], "fy": 711.0673733317556, "fx": 711.0673733317556}, {"id": 39, "img_name": "00000039.png", "width": 512, "height": 512, "position": [1.6409598691899094, -8.285936138246563e-08, -0.05728035782660442], "rotation": [[7.678468385106607e-08, -0.03488536717887608, -0.999391320332926], [0.9999999999999958, -4.778785943893107e-08, 7.849956205496943e-08], [-5.0497257991408394e-08, -0.9993913203329279, 0.03488536717887227]], "fy": 711.0673733317556, "fx": 711.0673733317556}, {"id": 40, "img_name": "00000040.png", "width": 512, "height": 512, "position": [1.4211130408073116, 0.8204800118271369, -0.05728028706543763], "rotation": [[-0.5000000055119197, -0.030211576752411592, -0.8654982698528135], [0.8660254006021305, -0.01744266865467312, -0.49969566620306294], [-5.569894019850066e-09, -0.9993913217255475, 0.03488532728330812]], "fy": 711.0673733317556, "fx": 711.0673733317556}, {"id": 41, "img_name": "00000041.png", "width": 512, "height": 512, "position": [0.8204799022277507, 1.4211131130191073, -0.05728032334266469], "rotation": [[-0.866025421231514, -0.01744267133023696, -0.49969563035676434], [0.49999996978077776, -0.030211600719469316, -0.8654982896581533], [-2.6622127249811912e-09, -0.9993913209543259, 0.034885349377171304]], "fy": 711.0673733317556, "fx": 711.0673733317556}, {"id": 42, "img_name": "00000042.png", "width": 512, "height": 512, "position": [-7.172864091051777e-08, 1.6409600356692655, -0.057280281081874995], "rotation": [[-0.9999999999999988, 1.524886538929012e-09, 4.368478615453121e-08], [-4.371139234025529e-08, -0.03488532733914847, -0.999391321723597], [-3.0887725647918056e-16, -0.999391321723598, 0.034885327339148765]], "fy": 711.0673733317556, "fx": 711.0673733317556}, {"id": 43, "img_name": "00000043.png", "width": 512, "height": 512, "position": [-0.8204800959154267, 1.4211129623559444, -0.05728036205022788], "rotation": [[-0.8660253542847098, 0.017442696261477837, 0.4996957455123797], [-0.5000000857360357, -0.030211617818721746, -0.8654982220736981], [-5.713419381061752e-09, -0.9993913200022827, 0.03488537665117915]], "fy": 711.0673733317556, "fx": 711.0673733317556}, {"id": 44, "img_name": "00000044.png", "width": 512, "height": 512, "position": [-1.421113208909885, 0.8204797071004426, -0.05728027632785783], "rotation": [[-0.4999998236386187, 0.030211575216604548, 0.8654983749749511], [-0.8660255056067052, -0.01744266563578763, -0.49969548432437155], [1.1052942437510572e-08, -0.9993913218246637, 0.03488532444381654]], "fy": 711.0673733317556, "fx": 711.0673733317556}, {"id": 45, "img_name": "00000045.png", "width": 512, "height": 512, "position": [-1.6409598690004883, -2.2631727727271337e-07, -0.0572803579977537], "rotation": [[2.4539277237458624e-07, 0.03488537048311493, 0.999391320217559], [-0.9999999999999687, -4.352949466749889e-08, 2.4706169644356696e-07], [5.212183785151867e-08, -0.9993913202175884, 0.03488537048310302]], "fy": 711.0673733317556, "fx": 711.0673733317556}, {"id": 46, "img_name": "00000046.png", "width": 512, "height": 512, "position": [-1.4211127503838852, -0.820480685249271, -0.057280310205627384], "rotation": [[0.5000003770190012, 0.030211582080946785, 0.8654980550463549], [-0.8660251861123074, 0.017442695011430774, 0.49969603701638615], [-1.0769315705404338e-08, -0.9993913211044532, 0.034885345076342]], "fy": 711.0673733317556, "fx": 711.0673733317556}, {"id": 47, "img_name": "00000047.png", "width": 512, "height": 512, "position": [-0.82047993278683, -1.4211132268982423, -0.057280282257238115], "rotation": [[0.8660254346608318, 0.017442666843128413, 0.4996956072389638], [-0.49999994652051427, 0.030211574416965006, 0.8654983040137808], [7.54627461499232e-09, -0.9993913218277652, 0.03488532435497955]], "fy": 711.0673733317556, "fx": 711.0673733317556}, {"id": 48, "img_name": "00000048.png", "width": 512, "height": 512, "position": [1.9568251349370516e-08, -1.6409598688091425, -0.057280357405321745], "rotation": [[0.9999999999999999, -4.1600383582595197e-10, -1.1917621516525305e-08], [1.1924879949188958e-08, 0.034885373822300676, 0.9993913201010293], [5.902348650802246e-17, -0.9993913201010293, 0.034885373822300676]], "fy": 711.0673733317556, "fx": 711.0673733317556}, {"id": 49, "img_name": "00000049.png", "width": 512, "height": 512, "position": [0.8204806596357153, -1.4211127375052224, -0.057280281124594344], "rotation": [[0.8660251776664463, -0.01744267593466749, -0.499696052319846], [0.5000003916476468, 0.030211564676387186, 0.8654980472028831], [-2.356251037296659e-09, -0.9993913219635453, 0.03488532046516627]], "fy": 711.0673733317556, "fx": 711.0673733317556}, {"id": 50, "img_name": "00000050.png", "width": 512, "height": 512, "position": [1.4211132641651878, -0.8204796420263446, -0.057280278769788716], "rotation": [[0.49999976580783295, -0.030211568251885708, -0.8654984086270024], [0.866025538995307, 0.01744265827344554, 0.4996954267153579], [1.0488525446098421e-08, -0.9993913221637044, 0.034885314731021716]], "fy": 711.0673733317556, "fx": 711.0673733317556}]