[{"id": 0, "img_name": "00000000.png", "width": 512, "height": 512, "position": [1.8518905205847376, -9.39140162418863e-08, 0.2585727284256384], "rotation": [[-7.635046778761961e-08, 0.13828490720205336, -0.9903924900967866], [0.9999999999999969, 2.0477067658861674e-09, -7.680520769034419e-08], [-8.592967592168276e-09, -0.9903924900967896, -0.13828490720205308]], "fy": 711.0673733317556, "fx": 711.0673733317556}, {"id": 1, "img_name": "00000001.png", "width": 512, "height": 512, "position": [1.8237558665334566, 0.3215774629433791, 0.2585726595199336], "rotation": [[-0.1736482051557421, 0.1361840085172932, -0.9753462034940983], [0.9848077481651883, 0.024012938017188748, -0.17197987661814887], [1.89476350963946e-08, -0.9903924952421359, -0.1382848703512253]], "fy": 711.0673733317556, "fx": 711.0673733317556}, {"id": 2, "img_name": "00000002.png", "width": 512, "height": 512, "position": [1.740207665705347, 0.6333838285964059, 0.25857266183199296], "rotation": [[-0.3420200983215703, 0.1299452671977423, -0.9306645367032157], [0.9396926371660593, 0.04729622863336031, -0.33873413529338614], [2.4989180589611188e-08, -0.9903924950694895, -0.13828487158771624]], "fy": 711.0673733317556, "fx": 711.0673733317556}, {"id": 3, "img_name": "00000003.png", "width": 512, "height": 512, "position": [1.6037841075175059, 0.9259451928538959, 0.25857272101347883], "rotation": [[-0.4999999749004569, 0.1197582358400994, -0.8577050717163848], [0.8660254182756658, 0.06914245737618394, -0.495196219178257], [1.0759011569470717e-08, -0.990392490650272, -0.13828490323802559]], "fy": 711.0673733317556, "fx": 711.0673733317556}, {"id": 4, "img_name": "00000004.png", "width": 512, "height": 512, "position": [1.4186301972649253, 1.1903721250225754, 0.2585726416263553], "rotation": [[-0.6427875922950275, 0.1059323928577906, -0.7586846771452445], [0.7660444577121881, 0.08888779463598269, -0.6366120080340857], [-2.555750048151162e-08, -0.9903924919486081, -0.1382848939393787]], "fy": 711.0673733317556, "fx": 711.0673733317556}, {"id": 5, "img_name": "00000005.png", "width": 512, "height": 512, "position": [1.190371968287342, 1.4186303385149497, 0.25857265927156564], "rotation": [[-0.7660445630520192, 0.08888778200996549, -0.6366118830400429], [0.6427874667558791, 0.10593235702765028, -0.7586847885097776], [-1.0813091401730928e-08, -0.9903924969141855, -0.13828485837605098]], "fy": 711.0673733317556, "fx": 711.0673733317556}, {"id": 6, "img_name": "00000006.png", "width": 512, "height": 512, "position": [0.9259450072964975, 1.6037839980442312, 0.25857266508633725], "rotation": [[-0.8660255010242934, 0.06914241506401317, -0.49519608037093465], [0.4999998315755931, 0.11975822937822679, -0.8577051561699804], [-1.3018785695117462e-10, -0.9903924943855884, -0.13828487648579735]], "fy": 711.0673733317556, "fx": 711.0673733317556}, {"id": 7, "img_name": "00000007.png", "width": 512, "height": 512, "position": [0.6333836076763003, 1.7402075465016533, 0.25857267376523835], "rotation": [[-0.9396926418926304, 0.04729621485349661, -0.3387341241052926], [0.3420200853354198, 0.12994529832766172, -0.930664537129081], [-3.0939656403341626e-09, -0.9903924916431196, -0.13828489612728123]], "fy": 711.0673733317556, "fx": 711.0673733317556}, {"id": 8, "img_name": "00000008.png", "width": 512, "height": 512, "position": [0.32157722675071887, 1.823755776894946, 0.25857258927858184], "rotation": [[-0.9848077644519465, 0.024012904211462672, -0.17197978807548966], [0.1736481127889365, 0.13618401000267927, -0.9753462197314503], [1.832107603271573e-09, -0.990392495857537, -0.1382848659437419]], "fy": 711.0673733317556, "fx": 711.0673733317556}, {"id": 9, "img_name": "00000009.png", "width": 512, "height": 512, "position": [-8.094870049417913e-08, 1.8518904153799798, 0.25857271603555837], "rotation": [[-0.9999999999999992, -6.04462582221002e-09, 4.329143646428742e-08], [-4.3711394080627994e-08, 0.1382849305758289, -0.990392486833193], [-1.285957175587004e-15, -0.990392486833194, -0.1382849305758292]], "fy": 711.0673733317556, "fx": 711.0673733317556}, {"id": 10, "img_name": "00000010.png", "width": 512, "height": 512, "position": [-0.3215776151661169, 1.8237559062843576, 0.2585727030687022], "rotation": [[-0.9848077250373393, -0.02401294477925544, 0.1719800081108527], [-0.17364833632022078, 0.13618406143695913, -0.9753461727529125], [-2.2035232826121553e-09, -0.990392487801459, -0.13828492364114417]], "fy": 711.0673733317556, "fx": 711.0673733317556}, {"id": 11, "img_name": "00000011.png", "width": 512, "height": 512, "position": [-0.6333837350358648, 1.740207626014633, 0.25857274832960236], "rotation": [[-0.9396926240836773, -0.04729622951606956, 0.3387341714623672], [-0.3420201342651235, 0.1299453246176792, -0.9306645154765885], [6.566644524260565e-10, -0.9903924874935035, -0.13828492584671254]], "fy": 711.0673733317556, "fx": 711.0673733317556}, {"id": 12, "img_name": "00000012.png", "width": 512, "height": 512, "position": [-0.9259452314393174, 1.6037840669137962, 0.2585725918941073], "rotation": [[-0.8660253749400741, -0.0691424226553566, 0.49519629981377244], [-0.5000000499599011, 0.11975817979661423, -0.8577050357855538], [-3.409803255599836e-09, -0.9903924998510184, -0.1382848373425303]], "fy": 711.0673733317556, "fx": 711.0673733317556}, {"id": 13, "img_name": "00000013.png", "width": 512, "height": 512, "position": [-1.1903721004031234, 1.4186302632147547, 0.25857261678253696], "rotation": [[-0.7660444203322381, -0.08888779568404491, 0.6366120528675813], [-0.642787636842717, 0.10593233547185563, -0.7586846474152705], [4.378275072603714e-09, -0.990392497992543, -0.13828485065288293]], "fy": 711.0673733317556, "fx": 711.0673733317556}, {"id": 14, "img_name": "00000014.png", "width": 512, "height": 512, "position": [-1.4186304470664068, 1.1903717176108248, 0.25857266910154747], "rotation": [[-0.6427874670655216, -0.10593239899932692, 0.7586847823870848], [-0.7660445627921986, 0.0888877868403473, -0.6366118826782409], [1.2747745747945138e-08, -0.9903924919913681, -0.13828489363313487]], "fy": 711.0673733317556, "fx": 711.0673733317556}, {"id": 15, "img_name": "00000015.png", "width": 512, "height": 512, "position": [-1.603784021736869, 0.9259451750932547, 0.2585726548273686], "rotation": [[-0.499999905654426, -0.11975823912403309, 0.8577051116248966], [-0.8660254582548742, 0.06914244721077134, -0.4951961506798499], [-1.1376514935097221e-08, -0.9903924909628589, -0.13828490099928936]], "fy": 711.0673733317556, "fx": 711.0673733317556}, {"id": 16, "img_name": "00000016.png", "width": 512, "height": 512, "position": [-1.7402077579520805, 0.6333835894901213, 0.2585727264013573], "rotation": [[-0.3420199560518462, -0.12994531107710217, 0.930664582860747], [-0.9396926889479844, 0.04729620903989199, -0.338733994379309], [-1.238499714610629e-08, -0.9903924902479473, -0.1382849061194673]], "fy": 711.0673733317556, "fx": 711.0673733317556}, {"id": 17, "img_name": "00000017.png", "width": 512, "height": 512, "position": [-1.8237556528488956, 0.32157716239845047, 0.2585726356076464], "rotation": [[-0.17364790379630196, -0.13618403541637966, 0.9753462533915125], [-0.9848078013029495, 0.024012902767252046, -0.1719795772571287], [-2.1907015087612304e-08, -0.9903924923980395, -0.13828489072056555]], "fy": 711.0673733317556, "fx": 711.0673733317556}, {"id": 18, "img_name": "00000018.png", "width": 512, "height": 512, "position": [-1.8518905248804547, -2.5573583721169346e-07, 0.25857272570760104], "rotation": [[-7.639089022281264e-08, -0.1382848907484455, 0.9903924923941441], [-0.999999999999997, -8.41012346930544e-09, -7.830621074505044e-08], [1.9157888902987546e-08, -0.9903924923941468, -0.13828489074844444]], "fy": 711.0673733317556, "fx": 711.0673733317556}, {"id": 19, "img_name": "00000019.png", "width": 512, "height": 512, "position": [-1.8237554038665669, -0.32157805468853334, 0.2585725973435445], "rotation": [[0.1736488642355956, -0.13618400076408207, 0.975346087235488], [-0.984807631951381, -0.024012981444468836, 0.17198053602794938], [-2.995511645855684e-08, -0.9903924952553084, -0.1382848702568832]], "fy": 711.0673733317556, "fx": 711.0673733317556}, {"id": 20, "img_name": "00000020.png", "width": 512, "height": 512, "position": [-1.740207596749158, -0.6333841394578654, 0.2585725982092516], "rotation": [[0.3420203473689629, -0.12994523139100644, 0.9306644501775878], [-0.9396925465201977, -0.047296236760012274, 0.33873438562201935], [8.059982229271346e-09, -0.9903924993794524, -0.13828484071987526]], "fy": 711.0673733317556, "fx": 711.0673733317556}, {"id": 21, "img_name": "00000021.png", "width": 512, "height": 512, "position": [-1.6037836289189882, -0.9259451940627526, 0.25857269406573946], "rotation": [[0.5000001753443531, -0.11975820795098258, 0.8577049587614527], [-0.866025302549305, -0.06914249285819186, 0.4951964166123773], [2.3548353141623413e-08, -0.9903924915455103, -0.13828489682635384]], "fy": 711.0673733317556, "fx": 711.0673733317556}, {"id": 22, "img_name": "00000022.png", "width": 512, "height": 512, "position": [-1.4186302489084466, -1.1903719915639057, 0.2585726267746296], "rotation": [[0.6427875803239649, -0.105932340571534, 0.7586846945881398], [-0.7660444677571023, -0.0888877979199301, 0.6366119954883691], [1.3099496630508259e-08, -0.990392497246411, -0.13828485599666232]], "fy": 711.0673733317556, "fx": 711.0673733317556}, {"id": 23, "img_name": "00000023.png", "width": 512, "height": 512, "position": [-1.190371619497387, -1.4186303347441611, 0.25857259793564885], "rotation": [[0.7660446310407939, -0.08888776193606697, 0.6366118040309738], [-0.6427873857299736, -0.10593237021323618, 0.7586848553170363], [-1.4971949347957844e-09, -0.9903924973054891, -0.13828485557354805]], "fy": 711.0673733317556, "fx": 711.0673733317556}, {"id": 24, "img_name": "00000024.png", "width": 512, "height": 512, "position": [-0.9259450540384592, -1.6037841493137297, 0.2585727531828649], "rotation": [[0.866025485541659, -0.06914242995531933, 0.49519610536857767], [-0.49999985839231365, -0.11975825421674896, 0.8577051370690411], [3.7117604643953735e-09, -0.9903924903425055, -0.13828490544224156]], "fy": 711.0673733317556, "fx": 711.0673733317556}, {"id": 25, "img_name": "00000025.png", "width": 512, "height": 512, "position": [-0.6333827571156976, -1.7402078002437364, 0.2585726277358499], "rotation": [[0.9396927954202411, -0.04729613333305329, 0.33873370958178206], [-0.3420196635214019, -0.1299452909927063, 0.9306646931701704], [9.04410207183505e-09, -0.9903924964985158, -0.13828486135306706]], "fy": 711.0673733317556, "fx": 711.0673733317556}, {"id": 26, "img_name": "00000026.png", "width": 512, "height": 512, "position": [-0.32157726610589776, -1.8237556367330443, 0.25857260031150914], "rotation": [[0.9848077581395878, -0.02401291987701081, 0.17197982203462017], [-0.17364814858811284, -0.1361840213552752, 0.975346211772736], [-6.6790055872391094e-09, -0.9903924939166725, -0.13828487984415988]], "fy": 711.0673733317556, "fx": 711.0673733317556}, {"id": 27, "img_name": "00000027.png", "width": 512, "height": 512, "position": [2.2083568570699528e-08, -1.8518902912212398, 0.25857272139498144], "rotation": [[0.9999999999999999, 1.649030858042423e-09, -1.18103125055668e-08], [1.1924880890387266e-08, -0.13828493344205375, 0.9903924864329932], [-5.070607912882324e-16, -0.9903924864329934, -0.13828493344205378]], "fy": 711.0673733317556, "fx": 711.0673733317556}, {"id": 28, "img_name": "00000028.png", "width": 512, "height": 512, "position": [0.3215781702685498, -1.823755473689876, 0.2585726614479461], "rotation": [[0.9848076701344324, 0.024012984773647845, -0.1719803169163595], [0.17364864768949656, -0.13618400944327122, 0.975346124577098], [2.5355119649052763e-09, -0.9903924939811566, -0.13828487938232592]], "fy": 711.0673733317556, "fx": 711.0673733317556}, {"id": 29, "img_name": "00000029.png", "width": 512, "height": 512, "position": [0.6333843871832839, -1.7402070605345275, 0.25857257690272945], "rotation": [[0.9396925016532928, 0.047296261275530625, -0.3387345066655201], [0.3420204706396626, -0.12994522630470082, 0.9306644055856241], [1.4760551825206336e-08, -0.9903924988760651, -0.138284844325121]], "fy": 711.0673733317556, "fx": 711.0673733317556}, {"id": 30, "img_name": "00000030.png", "width": 512, "height": 512, "position": [0.9259450540384592, -1.6037841493137297, 0.2585727531828649], "rotation": [[0.866025485541659, 0.06914242995531933, -0.49519610536857767], [0.49999985839231365, -0.11975825421674896, 0.8577051370690411], [-3.7117604643953735e-09, -0.9903924903425055, -0.13828490544224156]], "fy": 711.0673733317556, "fx": 711.0673733317556}, {"id": 31, "img_name": "00000031.png", "width": 512, "height": 512, "position": [1.190371744007793, -1.418630336028533, 0.25857265011323616], "rotation": [[0.7660446326312521, 0.08888776925565887, -0.6366118010951437], [0.6427873838345383, -0.10593237679513058, 0.7586848560039169], [3.232401330530393e-09, -0.9903924959445559, -0.13828486532051418]], "fy": 711.0673733317556, "fx": 711.0673733317556}, {"id": 32, "img_name": "00000032.png", "width": 512, "height": 512, "position": [1.418630219428851, -1.1903716452524606, 0.2585727032559492], "rotation": [[0.6427875287143048, 0.1059324039097214, -0.758684729470196], [0.7660445110627424, -0.08888779360240848, 0.6366119439808987], [2.194109147969698e-08, -0.9903924908592567, -0.13828490174128277]], "fy": 711.0673733317556, "fx": 711.0673733317556}, {"id": 33, "img_name": "00000033.png", "width": 512, "height": 512, "position": [1.6037840060617843, -0.9259446018266828, 0.25857267540424167], "rotation": [[0.49999975074149366, 0.1197582795880144, -0.8577051962816614], [0.8660255476938562, -0.06914239913414277, 0.4951960009769175], [2.6115125486272853e-08, -0.9903924894263355, -0.13828491200382442]], "fy": 711.0673733317556, "fx": 711.0673733317556}, {"id": 34, "img_name": "00000034.png", "width": 512, "height": 512, "position": [1.7402071942064326, -0.6333835541840737, 0.2585726691567626], "rotation": [[0.3420202460941597, 0.12994527455762708, -0.9306644813690018], [0.9396925833812301, -0.047296243256066635, 0.33873428245775866], [-1.4364555326723318e-08, -0.9903924934055212, -0.13828488350500884]], "fy": 711.0673733317556, "fx": 711.0673733317556}, {"id": 35, "img_name": "00000035.png", "width": 512, "height": 512, "position": [1.8237554478761713, -0.3215772645373469, 0.2585726245365269], "rotation": [[0.17364818580476143, 0.13618402438585625, -0.9753462047236292], [0.9848077515772887, -0.02401291304342668, 0.17197986056644476], [5.923992026416342e-09, -0.9903924936656382, -0.13828488164206024]], "fy": 711.0673733317556, "fx": 711.0673733317556}, {"id": 36, "img_name": "00000036.png", "width": 512, "height": 512, "position": [1.8518904103378055, 3.1927079288045865e-07, 0.25857272409964027], "rotation": [[4.576180211453363e-08, 0.13828494988850593, -0.9903924841366332], [0.9999999999999989, 2.0509602086136184e-09, 4.6492092515983335e-08], [8.460412292505168e-09, -0.9903924841366344, -0.13828494988850568]], "fy": 711.0673733317556, "fx": 711.0673733317556}, {"id": 37, "img_name": "00000037.png", "width": 512, "height": 512, "position": [-0.0, 1.0146704606197038e-21, 1.8698549299999832], "rotation": [[-0.9999999999999998, -0.0, -0.0], [0.0, 0.9999999999999909, 1.3435885599999825e-07], [-0.0, 1.3435885599999825e-07, -0.9999999999999909]], "fy": 711.0673733317556, "fx": 711.0673733317556}, {"id": 38, "img_name": "00000038.png", "width": 512, "height": 512, "position": [-0.0, 1.0146704606197036e-21, -1.8698549299999832], "rotation": [[-1.0, -0.0, -0.0], [-0.0, -0.9999999999999908, 1.3435885599999823e-07], [0.0, 1.3435885599999823e-07, 0.9999999999999909]], "fy": 711.0673733317556, "fx": 711.0673733317556}, {"id": 39, "img_name": "00000039.png", "width": 512, "height": 512, "position": [1.865314696034368, -1.928021820851276e-09, -0.13022354936922254], "rotation": [[3.4014380697495155e-08, -0.06964366532827886, -0.9975719321831592], [0.9999999999999993, 1.1858827173263878e-09, 3.4014380760603517e-08], [-1.1858828242131224e-09, -0.9975719321831596, 0.06964366532827891]], "fy": 711.0673733317556, "fx": 711.0673733317556}, {"id": 40, "img_name": "00000040.png", "width": 512, "height": 512, "position": [1.6154100602886468, 0.932657325018683, -0.13022357090168296], "rotation": [[-0.5000001156980197, -0.06031318581699009, -0.8639225682424161], [0.8660253369861454, -0.034821851486343036, -0.4987860807571681], [-5.795402193959534e-09, -0.9975719313792204, 0.06964367684385768]], "fy": 711.0673733317556, "fx": 711.0673733317556}, {"id": 41, "img_name": "00000041.png", "width": 512, "height": 512, "position": [0.9326573114449628, 1.615410117598821, -0.1302235202703424], "rotation": [[-0.8660254388180414, -0.03482182039031452, -0.49878590612077556], [0.4999999393200147, -0.06031317954734729, -0.8639226707598723], [-3.839227536023813e-09, -0.9975719328437394, 0.06964365586617258]], "fy": 711.0673733317556, "fx": 711.0673733317556}, {"id": 42, "img_name": "00000042.png", "width": 512, "height": 512, "position": [-8.153550071614125e-08, 1.8653146939513863, -0.13022354910106743], "rotation": [[-0.999999999999999, 3.044221114415486e-09, 4.360526038299297e-08], [-4.371139457008971e-08, -0.06964368128486902, -0.9975719310691784], [1.3207478667260576e-15, -0.9975719310691794, 0.06964368128486917]], "fy": 711.0673733317556, "fx": 711.0673733317556}, {"id": 43, "img_name": "00000043.png", "width": 512, "height": 512, "position": [-0.9326574782636607, 1.6154100083659264, -0.130223509013736], "rotation": [[-0.866025372415963, 0.034821835245671624, 0.49878602037538683], [-0.5000000543317895, -0.06031317556626214, -0.8639226044741048], [-1.781110862039122e-09, -0.997571932565886, 0.06964365984613008]], "fy": 711.0673733317556, "fx": 711.0673733317556}, {"id": 44, "img_name": "00000044.png", "width": 512, "height": 512, "position": [-1.615410060595896, 0.9326570087186349, -0.130223514358467], "rotation": [[-0.4999996831803418, 0.060313189966482855, 0.8639228182746564], [-0.8660255867002765, -0.034821816020487235, -0.498785649662736], [7.793196647082908e-09, -0.9975719323663343, 0.06964366270449615]], "fy": 711.0673733317556, "fx": 711.0673733317556}, {"id": 45, "img_name": "00000045.png", "width": 512, "height": 512, "position": [-1.8653146951890935, -1.6501516166325152e-07, -0.13022355007023254], "rotation": [[2.0287517651169588e-07, 0.06964367180317887, 0.9975719317311056], [-0.9999999999999791, 9.702447067616576e-09, 2.02691611355636e-07], [4.437299318696221e-09, -0.9975719317311262, 0.0696436718031795]], "fy": 711.0673733317556, "fx": 711.0673733317556}, {"id": 46, "img_name": "00000046.png", "width": 512, "height": 512, "position": [-1.6154094815951032, -0.9326580974131886, -0.13022357871053508], "rotation": [[0.5000004152964401, 0.06031317640612948, 0.8639223955050536], [-0.8660251640127944, 0.03482187613877312, 0.4987863793637399], [-7.762249321516158e-09, -0.9975719310876683, 0.06964368102003862]], "fy": 711.0673733317556, "fx": 711.0673733317556}, {"id": 47, "img_name": "00000047.png", "width": 512, "height": 512, "position": [-0.9326573552707406, -1.6154101827485656, -0.13022361037552355], "rotation": [[0.866025420755177, 0.03482184107131314, 0.4987859360389214], [-0.49999997060581775, 0.060313223250250195, 0.8639226496020042], [-1.031205176835907e-08, -0.9975719294795589, 0.06964370405449588]], "fy": 711.0673733317556, "fx": 711.0673733317556}, {"id": 48, "img_name": "00000048.png", "width": 512, "height": 512, "position": [2.2243655873288083e-08, -1.8653146939513878, -0.1302235491010664], "rotation": [[0.9999999999999999, -8.304924722471001e-10, -1.189592873919453e-08], [1.1924883157266296e-08, 0.0696436812848686, 0.9975719310691793], [2.904220156657e-16, -0.9975719310691794, 0.06964368128486861]], "fy": 711.0673733317556, "fx": 711.0673733317556}, {"id": 49, "img_name": "00000049.png", "width": 512, "height": 512, "position": [0.932658063447233, -1.6154097014386086, -0.13022352103187662], "rotation": [[0.8660251737506541, -0.03482185500527366, -0.4987863639316343], [0.5000003984299903, 0.06031315298898319, 0.8639224069014406], [-2.5123017173196365e-09, -0.9975719332411669, 0.06964365017344214]], "fy": 711.0673733317556, "fx": 711.0673733317556}, {"id": 50, "img_name": "00000050.png", "width": 512, "height": 512, "position": [1.6154103011376422, -0.9326569173418852, -0.1302235019449945], "rotation": [[0.49999980646886905, -0.06031316390118707, -0.8639227487404891], [0.8660255155196604, 0.03482181568944026, 0.4987857732744561], [1.063147320710381e-08, -0.9975719339537972, 0.06964363996576212]], "fy": 711.0673733317556, "fx": 711.0673733317556}]