[{"id": 0, "img_name": "00000000.png", "width": 512, "height": 512, "position": [1.6076576841228778, -5.75243248670554e-08, 0.5331195839332871], "rotation": [[6.474053722095524e-08, 0.3147574517207844, -0.9491721374894196], [0.9999999999999972, 1.5120306076766875e-08, 7.322145615884564e-08], [3.739877205922555e-08, -0.9491721374894216, -0.3147574517207824]], "fy": 711.0673733317556, "fx": 711.0673733317556}, {"id": 1, "img_name": "00000001.png", "width": 512, "height": 512, "position": [1.5832339388934522, 0.2791669132296764, 0.5331195246234596], "rotation": [[-0.1736479592018419, 0.30997555044033626, -0.9347521299222836], [0.9848077915334718, 0.054657016926433405, -0.16482179539026215], [3.623652097579474e-08, -0.9491721491014757, -0.3147574167038556]], "fy": 711.0673733317556, "fx": 711.0673733317556}, {"id": 2, "img_name": "00000002.png", "width": 512, "height": 512, "position": [1.5107041903708558, 0.5498513855290126, 0.5331195497460216], "rotation": [[-0.3420202106246881, 0.29577519611342595, -0.8919300470823419], [0.9396925962910656, 0.10765338257295531, -0.3246360634562295], [-8.74738750161031e-09, -0.9491721564524876, -0.3147573945363868]], "fy": 711.0673733317556, "fx": 711.0673733317556}, {"id": 3, "img_name": "00000003.png", "width": 512, "height": 512, "position": [1.3922724628853753, 0.8038289669060511, 0.5331195505027317], "rotation": [[-0.5000001841745815, 0.2725878762540462, -0.8220070957994787], [0.8660252974511679, 0.15737873876699188, -0.47458625850178876], [-2.0309916520216217e-08, -0.9491721563043345, -0.31475739498315186]], "fy": 711.0673733317556, "fx": 711.0673733317556}, {"id": 4, "img_name": "00000004.png", "width": 512, "height": 512, "position": [1.23153732203306, 1.033382674762852, 0.5331195290834054], "rotation": [[-0.6427876171004073, 0.2411181502028433, -0.7271080503921954], [0.7660444368980042, 0.2023221376380359, -0.6101161146201561], [-1.391698414735962e-08, -0.9491721604979441, -0.31475738233703937]], "fy": 711.0673733317556, "fx": 711.0673733317556}, {"id": 5, "img_name": "00000005.png", "width": 512, "height": 512, "position": [1.033382554092279, 1.2315374953900848, 0.5331195828425682], "rotation": [[-0.7660445185063213, 0.20232213139827362, -0.6101160142242437], [0.6427875198433909, 0.24111819687195457, -0.7271081208945472], [8.456074851539216e-09, -0.9491721499726363, -0.3147574140768135]], "fy": 711.0673733317556, "fx": 711.0673733317556}, {"id": 6, "img_name": "00000006.png", "width": 512, "height": 512, "position": [0.8038288615065247, 1.392272578739798, 0.5331195625385747], "rotation": [[-0.8660254390422595, 0.15737868705905722, -0.4745860172731901], [0.49999993893165756, 0.2725879143129951, -0.8220072323518995], [-6.369981397552135e-09, -0.9491721539478802, -0.31475740208919817]], "fy": 711.0673733317556, "fx": 711.0673733317556}, {"id": 7, "img_name": "00000007.png", "width": 512, "height": 512, "position": [0.5498511967130901, 1.5107043435890408, 0.5331195080949175], "rotation": [[-0.939692672795783, 0.10765332511421788, -0.32463586105938685], [0.34202000042967756, 0.2957751663813103, -0.8919301375434017], [-1.925794886666401e-08, -0.9491721722342898, -0.31475734694529156]], "fy": 711.0673733317556, "fx": 711.0673733317556}, {"id": 8, "img_name": "00000008.png", "width": 512, "height": 512, "position": [0.2791667482312558, 1.5832340480243603, 0.533119569907553], "rotation": [[-0.984807767921637, 0.05465702970669109, -0.1648219322324677], [0.17364809311133325, 0.3099756047826859, -0.9347520870254346], [5.5362693557322075e-09, -0.949172130618704, -0.3147574724398926]], "fy": 711.0673733317556, "fx": 711.0673733317556}, {"id": 9, "img_name": "00000009.png", "width": 512, "height": 512, "position": [-7.027296366332222e-08, 1.6076577963754737, 0.5331195569921758], "rotation": [[-0.999999999999999, -1.3758484331307256e-08, 4.148963216285047e-08], [-4.3711388311325264e-08, 0.3147574358145667, -0.9491721427641232], [-1.785348629234056e-16, -0.949172142764124, -0.3147574358145669]], "fy": 711.0673733317556, "fx": 711.0673733317556}, {"id": 10, "img_name": "00000010.png", "width": 512, "height": 512, "position": [-0.279167058239996, 1.5832339820537005, 0.5331195628715725], "rotation": [[-0.9848077250387641, -0.05465710851577919, 0.16482216232250904], [-0.17364833631213722, 0.3099756211928454, -0.9347520364043805], [-8.663167922173405e-09, -0.9491721207214231, -0.3147575022858007]], "fy": 711.0673733317556, "fx": 711.0673733317556}, {"id": 11, "img_name": "00000011.png", "width": 512, "height": 512, "position": [-0.5498513409860467, 1.510704312280702, 0.5331195061571379], "rotation": [[-0.9396926534336132, -0.10765333762994088, 0.3246359129548491], [-0.3420200536268219, 0.29577516060845827, -0.8919301190587445], [1.495585048277672e-08, -0.9491721726136804, -0.31475734580121373]], "fy": 711.0673733317556, "fx": 711.0673733317556}, {"id": 12, "img_name": "00000012.png", "width": 512, "height": 512, "position": [-0.8038289358039, 1.392272427323023, 0.5331195519460227], "rotation": [[-0.8660253759887456, -0.1573787209394345, 0.47458612109818293], [-0.5000000481435491, 0.27258788753075, -0.82200717480322], [9.572002598385986e-09, -0.9491721560217571, -0.31475739583528295]], "fy": 711.0673733317556, "fx": 711.0673733317556}, {"id": 13, "img_name": "00000013.png", "width": 512, "height": 512, "position": [-1.0333826489998692, 1.2315373171911552, 0.5331195863281502], "rotation": [[-0.7660443186906469, -0.20232219984438607, 0.6101162424095183], [-0.6427877579744198, 0.24111814212526028, -0.7271079285335026], [-1.922503492947985e-08, -0.9491721492902069, -0.31475741613472463]], "fy": 711.0673733317556, "fx": 711.0673733317556}, {"id": 14, "img_name": "00000014.png", "width": 512, "height": 512, "position": [-1.2315376840082184, 1.0333822957238532, 0.5331195188289144], "rotation": [[-0.6427873094557873, -0.24111824610327237, 0.7271082905583396], [-0.7660446950423896, 0.20232211660725816, -0.6101157974753406], [-3.73412949802207e-08, -0.9491721406192032, -0.3147574422827165]], "fy": 711.0673733317556, "fx": 711.0673733317556}, {"id": 15, "img_name": "00000015.png", "width": 512, "height": 512, "position": [-1.392272462885376, 0.8038290669060527, 0.5331195505027301], "rotation": [[-0.5000001841745815, -0.2725878762540462, 0.8220070957994787], [-0.8660252974511679, 0.15737873876699188, -0.47458625850178876], [2.0309916520216217e-08, -0.9491721563043345, -0.31475739498315186]], "fy": 711.0673733317556, "fx": 711.0673733317556}, {"id": 16, "img_name": "00000016.png", "width": 512, "height": 512, "position": [-1.5107042327261089, 0.5498512204877857, 0.533119566452141], "rotation": [[-0.34201995456344975, -0.2957752268196671, 0.891930135089173], [-0.939692689489716, 0.10765332704691977, -0.3246358120961294], [-1.5579238578045667e-08, -0.9491721531816573, -0.31475740439979544]], "fy": 711.0673733317556, "fx": 711.0673733317556}, {"id": 17, "img_name": "00000017.png", "width": 512, "height": 512, "position": [-1.5832340040536763, 0.2791666955737142, 0.533119544052748], "rotation": [[-0.17364793957957408, -0.3099755700495137, 0.9347521270648423], [-0.984807794993403, 0.054656971777137, -0.1648217896893027], [7.587920750534198e-09, -0.9491721452974864, -0.31475742817504354]], "fy": 711.0673733317556, "fx": 711.0673733317556}, {"id": 18, "img_name": "00000018.png", "width": 512, "height": 512, "position": [-1.6076576654370243, -1.9907403895624102e-07, 0.5331195911629336], "rotation": [[2.41842989113328e-07, -0.3147574849892135, 0.9491721264571596], [-0.9999999999999696, -3.374009846041896e-08, 2.4360496261219633e-07], [-4.4651324216987624e-08, -0.9491721264571901, -0.3147574849892119]], "fy": 711.0673733317556, "fx": 711.0673733317556}, {"id": 19, "img_name": "00000019.png", "width": 512, "height": 512, "position": [-1.583233878238324, -0.2791674107341501, 0.5331195450848324], "rotation": [[0.17364860162413553, -0.3099754975739491, 0.9347520281110733], [-0.9848076782570199, -0.054657173240982106, 0.1648224203781847], [-8.230243997942363e-09, -0.9491721573650839, -0.31475739178438994]], "fy": 711.0673733317556, "fx": 711.0673733317556}, {"id": 20, "img_name": "00000020.png", "width": 512, "height": 512, "position": [-1.5107039551624046, -0.5498519036135722, 0.5331195387192117], "rotation": [[0.34202057771776234, -0.2957751456146515, 0.891929923062479], [-0.9396924626800028, -0.10765350228224248, 0.3246364105099105], [-1.5823796308630729e-09, -0.9491721586113866, -0.3147573880260813]], "fy": 711.0673733317556, "fx": 711.0673733317556}, {"id": 21, "img_name": "00000021.png", "width": 512, "height": 512, "position": [-1.39227251963847, -0.803828888776522, 0.5331195743738938], "rotation": [[0.4999999330412556, -0.27258793430001227, 0.822007229306891], [-0.8660254424430829, -0.1573787404158368, 0.47458599337357876], [4.677960755901241e-08, -0.9491721393610203, -0.3147574460768497]], "fy": 711.0673733317556, "fx": 711.0673733317556}, {"id": 22, "img_name": "00000022.png", "width": 512, "height": 512, "position": [-1.231537097695239, -1.033382414852509, 0.5331195043772349], "rotation": [[0.6427876445191438, -0.24111815038486697, 0.7271080260927613], [-0.7660444138909511, -0.2023221722900157, 0.6101161320161257], [2.0568952925327134e-09, -0.949172153065412, -0.3147574047503413]], "fy": 711.0673733317556, "fx": 711.0673733317556}, {"id": 23, "img_name": "00000023.png", "width": 512, "height": 512, "position": [-1.0333823857503115, -1.2315375206654668, 0.5331195475492979], "rotation": [[0.7660445978497925, -0.20232210071200663, 0.6101159247787508], [-0.6427874252854902, -0.24111819541950594, 0.7271082049684842], [-8.694804474279598e-09, -0.949172156882576, -0.3147573932394254]], "fy": 711.0673733317556, "fx": 711.0673733317556}, {"id": 24, "img_name": "00000024.png", "width": 512, "height": 512, "position": [-0.8038288043825075, -1.3922725686433826, 0.5331195770306734], "rotation": [[0.8660254396455758, -0.15737866971663353, 0.47458602192322286], [-0.4999999378866828, -0.27258793420553373, 0.8220072263909074], [1.953201292555729e-08, -0.9491721511105254, -0.31475741064543217]], "fy": 711.0673733317556, "fx": 711.0673733317556}, {"id": 25, "img_name": "00000025.png", "width": 512, "height": 512, "position": [-0.5498506118700204, -1.5107047019460513, 0.5331195308323718], "rotation": [[0.9396928085970584, -0.1076531921857218, 0.32463551204881486], [-0.3420196273183341, -0.29577519712384404, 0.8919302704221775], [-8.248383171097502e-09, -0.9491721777309821, -0.31475733036964315]], "fy": 711.0673733317556, "fx": 711.0673733317556}, {"id": 26, "img_name": "00000026.png", "width": 512, "height": 512, "position": [-0.27916679024538943, -1.5832339354206908, 0.5331195427253763], "rotation": [[0.9848077614707778, -0.05465704527525574, 0.1648219656134897], [-0.17364812969599108, -0.30997558574141276, 0.9347520865434598], [-1.7812531504075085e-09, -0.9491721359406029, -0.3147574563913511]], "fy": 711.0673733317556, "fx": 711.0673733317556}, {"id": 27, "img_name": "00000027.png", "width": 512, "height": 512, "position": [1.9171125484195168e-08, -1.6076575986070363, 0.5331195455707983], "rotation": [[0.9999999999999999, 3.753444217633916e-09, -1.1318763601366783e-08], [1.192487957836535e-08, -0.3147574290713065, 0.9491721450002741], [-2.322416320962796e-16, -0.9491721450002742, -0.3147574290713065]], "fy": 711.0673733317556, "fx": 711.0673733317556}, {"id": 28, "img_name": "00000028.png", "width": 512, "height": 512, "position": [0.27916764722871074, -1.5832339985265662, 0.5331196566246306], "rotation": [[0.9848076703065334, 0.05465720640584701, -0.16482245688414826], [0.17364864671346644, -0.3099755585958292, 0.9347519994992174], [-1.6689395029124378e-10, -0.9491721355271192, -0.3147574576382388]], "fy": 711.0673733317556, "fx": 711.0673733317556}, {"id": 29, "img_name": "00000029.png", "width": 512, "height": 512, "position": [0.5498519943192943, -1.5107040447134152, 0.5331196517380762], "rotation": [[0.9396924892922269, 0.10765349272919876, -0.32463633664607305], [0.3420205046013732, -0.29577522010119583, 0.8919299263991042], [-1.2077777407888788e-08, -0.9491721364838378, -0.3147574547531899]], "fy": 711.0673733317556, "fx": 711.0673733317556}, {"id": 30, "img_name": "00000030.png", "width": 512, "height": 512, "position": [0.8038288043825075, -1.3922725686433826, 0.5331195770306734], "rotation": [[0.8660254396455758, 0.15737866971663353, -0.47458602192322286], [0.4999999378866828, -0.27258793420553373, 0.8220072263909074], [-1.953201292555729e-08, -0.9491721511105254, -0.31475741064543217]], "fy": 711.0673733317556, "fx": 711.0673733317556}, {"id": 31, "img_name": "00000031.png", "width": 512, "height": 512, "position": [1.0333823053286286, -1.2315373779951644, 0.5331194634477544], "rotation": [[0.7660445876627902, 0.20232211661017224, -0.610115932297236], [0.6427874374258925, -0.24111820341738144, 0.7271081915837755], [1.0853993679298434e-08, -0.9491721514620801, -0.3147574095852959]], "fy": 711.0673733317556, "fx": 711.0673733317556}, {"id": 32, "img_name": "00000032.png", "width": 512, "height": 512, "position": [1.2315375173566636, -1.0333821399288525, 0.5331196089246762], "rotation": [[0.6427874176480836, 0.24111825438614123, -0.7271081921661232], [0.7660446042583334, -0.20232208681218977, 0.6101159213417185], [3.91498185306537e-08, -0.9491721448661147, -0.3147574294758705]], "fy": 711.0673733317556, "fx": 711.0673733317556}, {"id": 33, "img_name": "00000033.png", "width": 512, "height": 512, "position": [1.3922728110722622, -0.803828605406579, 0.5331196029088614], "rotation": [[0.499999725796997, 0.2725879600583256, -0.8220073468249348], [0.8660255620955577, -0.15737865549559135, 0.4745858031920813], [-3.508603518319387e-08, -0.9491721460439304, -0.31475742592408845]], "fy": 711.0673733317556, "fx": 711.0673733317556}, {"id": 34, "img_name": "00000034.png", "width": 512, "height": 512, "position": [1.5107042359647835, -0.5498510256758447, 0.5331195519238168], "rotation": [[0.3420199462834956, 0.295775230628031, -0.8919301370013069], [0.9396926925033706, -0.10765329150421311, 0.32463581515919393], [1.8058834899882552e-08, -0.9491721560261045, -0.31475739582217227]], "fy": 711.0673733317556, "fx": 711.0673733317556}, {"id": 35, "img_name": "00000035.png", "width": 512, "height": 512, "position": [1.5832340021079925, -0.27916656009996965, 0.5331195530879973], "rotation": [[0.1736479997359845, 0.3099755398140786, -0.9347521259160966], [0.9848077843862171, -0.05465696089628732, 0.16482185667529442], [3.360216547967728e-08, -0.9491721557981737, -0.3147573965095126]], "fy": 711.0673733317556, "fx": 711.0673733317556}, {"id": 36, "img_name": "00000036.png", "width": 512, "height": 512, "position": [1.6076576655615729, 2.228146921089217e-07, 0.5331195907875084], "rotation": [[6.518501348427017e-08, 0.31475748476755927, -0.9491721265306918], [0.9999999999999956, 4.5440665953910796e-08, 8.374435052778132e-08], [6.94901746453263e-08, -0.9491721265306928, -0.3147574847675549]], "fy": 711.0673733317556, "fx": 711.0673733317556}, {"id": 37, "img_name": "00000037.png", "width": 512, "height": 512, "position": [-0.0, 8.973401943213564e-22, 1.6937473999999848], "rotation": [[-0.9999999999999998, -0.0, -0.0], [0.0, 0.9999999999999909, 1.3435885599999825e-07], [-0.0, 1.3435885599999825e-07, -0.9999999999999909]], "fy": 711.0673733317556, "fx": 711.0673733317556}, {"id": 38, "img_name": "00000038.png", "width": 512, "height": 512, "position": [-0.0, 8.973401943213562e-22, -1.6937473999999848], "rotation": [[-1.0, -0.0, -0.0], [-0.0, -0.9999999999999908, 1.3435885599999823e-07], [0.0, 1.3435885599999823e-07, 0.9999999999999909]], "fy": 711.0673733317556, "fx": 711.0673733317556}, {"id": 39, "img_name": "00000039.png", "width": 512, "height": 512, "position": [1.6934892369795234, -1.6017384026848204e-07, 0.0295568831676036], "rotation": [[1.6628634513112908e-07, 0.01745058842765034, -0.9998477268882002], [0.9999999999999858, -2.6232851747966743e-08, 1.6585382157181978e-07], [-2.3334610387920237e-08, -0.9998477268882136, -0.017450588427654515]], "fy": 711.0673733317556, "fx": 711.0673733317556}, {"id": 40, "img_name": "00000040.png", "width": 512, "height": 512, "position": [1.4666051052781082, 0.846744792341192, 0.029556954179769498], "rotation": [[-0.5000000175290583, 0.01511267872624576, -0.8658935208284322], [0.866025393664032, 0.00872532272693616, -0.49992388047818787], [1.1423146141492663e-08, -0.9998477262488663, -0.017450625059629802]], "fy": 711.0673733317556, "fx": 711.0673733317556}, {"id": 41, "img_name": "00000041.png", "width": 512, "height": 512, "position": [0.8467446616587321, 1.4666049691228147, 0.029557012124764834], "rotation": [[-0.8660253552703195, 0.008725336341035466, -0.4999239467505555], [0.5000000840289095, 0.015112716482837416, -0.8658934817698957], [-2.9937303361198372e-09, -0.9998477255593701, -0.017450664564847108]], "fy": 711.0673733317556, "fx": 711.0673733317556}, {"id": 42, "img_name": "00000042.png", "width": 512, "height": 512, "position": [-7.402477589572918e-08, 1.6934893547586052, 0.029556924825441047], "rotation": [[-0.9999999999999989, -7.627916809780494e-10, 4.370474487460054e-08], [-4.3711400980779504e-08, 0.017450614922729344, -0.9998477264257876], [8.548596304307962e-16, -0.9998477264257885, -0.017450614922729268]], "fy": 711.0673733317556, "fx": 711.0673733317556}, {"id": 43, "img_name": "00000043.png", "width": 512, "height": 512, "position": [-0.8467448161395597, 1.4666049086590192, 0.029556931920881407], "rotation": [[-0.8660253190667991, -0.008725332760920352, 0.4999240095289082], [-0.5000001467352265, 0.015112666065307017, -0.8658934464408137], [2.3841656594602378e-08, -0.999847726352673, -0.017450619111931163]], "fy": 711.0673733317556, "fx": 711.0673733317556}, {"id": 44, "img_name": "00000044.png", "width": 512, "height": 512, "position": [-1.466605045199634, 0.8467443848594944, 0.029556947901094446], "rotation": [[-0.49999979768024877, -0.015112702779404994, 0.8658936473576943], [-0.8660255205937691, 0.008725284239876667, -0.49992366126762217], [2.9510430093796543e-08, -0.9998477262211654, -0.01745062664675401]], "fy": 711.0673733317556, "fx": 711.0673733317556}, {"id": 45, "img_name": "00000045.png", "width": 512, "height": 512, "position": [-1.6934892369795111, -3.0822329665341094e-07, 0.029556883167516427], "rotation": [[1.6628629216876868e-07, -0.017450588427596832, 0.9998477268882012], [-0.999999999999986, -2.6891316631489354e-08, 1.6584227620094576e-07], [2.399317648778417e-08, -0.9998477268882147, -0.017450588427601006]], "fy": 711.0673733317556, "fx": 711.0673733317556}, {"id": 46, "img_name": "00000046.png", "width": 512, "height": 512, "position": [-1.466604614003505, -0.8467454926927622, 0.029556989696824337], "rotation": [[0.5000003746291917, -0.015112704694673393, 0.8658933141718324], [-0.8660251874920659, -0.008725319687325324, 0.4999242376857577], [-1.1392587672894594e-08, -0.9998477258828794, -0.017450646029138907]], "fy": 711.0673733317556, "fx": 711.0673733317556}, {"id": 47, "img_name": "00000047.png", "width": 512, "height": 512, "position": [-0.8467443933300918, -1.4666048574739028, 0.029556983046846882], "rotation": [[0.8660254891137013, -0.008725320034424647, 0.49992371517629725], [-0.4999998522053528, -0.015112703995334471, 0.8658936158516097], [2.136368164640208e-10, -0.999847725890421, -0.017450645597046868]], "fy": 711.0673733317556, "fx": 711.0673733317556}, {"id": 48, "img_name": "00000048.png", "width": 512, "height": 512, "position": [2.0194654186852555e-08, -1.693489015727167, 0.029556940985452872], "rotation": [[0.9999999999999999, 2.080969254187109e-10, -1.1923064512528384e-08], [1.1924880364191599e-08, -0.017450624463707848, 0.999847726259267], [3.164567447338585e-16, -0.9998477262592671, -0.01745062446370785]], "fy": 711.0673733317556, "fx": 711.0673733317556}, {"id": 49, "img_name": "00000049.png", "width": 512, "height": 512, "position": [0.8467454130432792, -1.4666046789532914, 0.02955697994824689], "rotation": [[0.8660251705642044, 0.008725335076304248, -0.49992426674152046], [0.5000004039490774, -0.01511268881058178, 0.8658932975186224], [9.289053102544125e-09, -0.9998477259886731, -0.017450639967611006]], "fy": 711.0673733317556, "fx": 711.0673733317556}, {"id": 50, "img_name": "00000050.png", "width": 512, "height": 512, "position": [1.466604963435416, -0.8467443176431493, 0.02955701021135387], "rotation": [[0.49999976449400724, 0.01511271916447589, -0.8658936662347132], [0.8660255397538444, -0.008725322036920854, 0.49992362741664303], [4.297205805178907e-09, -0.9998477256436639, -0.017450659735158244]], "fy": 711.0673733317556, "fx": 711.0673733317556}]