[{"id": 0, "img_name": "00000000.png", "width": 512, "height": 512, "position": [1.5251465161422135, -1.8335275618574083e-07, 0.5856142961802336], "rotation": [[2.40227547706463e-07, 0.3584562216619044, -0.9335465372180508], [0.99999999999997, -4.4942597311925125e-08, 2.400711531728087e-07], [4.409899212277792e-08, -0.9335465372180806, -0.3584562216619042]], "fy": 711.0673733317556, "fx": 711.0673733317556}, {"id": 1, "img_name": "00000001.png", "width": 512, "height": 512, "position": [1.5019761670806062, 0.26483905537993635, 0.5856142469358755], "rotation": [[-0.1736479993757663, 0.35301044155259537, -0.9193639107924757], [0.9848077844497332, 0.06224523590896421, -0.16210847693395025], [3.849159285548393e-08, -0.9335465487920133, -0.35845619151929753]], "fy": 711.0673733317556, "fx": 711.0673733317556}, {"id": 2, "img_name": "00000002.png", "width": 512, "height": 512, "position": [1.4331691216698708, 0.5216309346568453, 0.5856143084481891], "rotation": [[-0.34202036523197055, 0.3368385980487123, -0.8772467319011037], [0.9396925400185894, 0.12259928547243332, -0.3192919438931404], [-2.8235111146070646e-08, -0.9335465569891127, -0.358456170171155]], "fy": 711.0673733317556, "fx": 711.0673733317556}, {"id": 3, "img_name": "00000003.png", "width": 512, "height": 512, "position": [1.3208158732368365, 0.7625733569952753, 0.5856143131054329], "rotation": [[-0.4999998542832478, 0.31043219042638065, -0.8084751083761391], [0.8660254879140269, 0.17922808992035968, -0.4667731205486995], [4.717832124738744e-08, -0.9335465424554784, -0.358456208021871]], "fy": 711.0673733317556, "fx": 711.0673733317556}, {"id": 4, "img_name": "00000004.png", "width": 512, "height": 512, "position": [1.1683301929431944, 0.9803454980402109, 0.5856142953037643], "rotation": [[-0.6427876419540686, 0.2745933170756366, -0.7151381388015373], [0.7660444160433049, 0.2304111735044902, -0.6000721988004074], [2.225604456016254e-09, -0.9335465715976267, -0.3584561321254211]], "fy": 711.0673733317556, "fx": 711.0673733317556}, {"id": 5, "img_name": "00000005.png", "width": 512, "height": 512, "position": [0.9803453713773271, 1.1683302301181187, 0.5856142754094243], "rotation": [[-0.7660445568750579, 0.2304111092449552, -0.6000720436902602], [0.642787474117298, 0.2745933381756551, -0.7151382815564095], [-1.909414726058403e-08, -0.9335465812513373, -0.35845610698374214]], "fy": 711.0673733317556, "fx": 711.0673733317556}, {"id": 6, "img_name": "00000006.png", "width": 512, "height": 512, "position": [0.7625732582652065, 1.3208158361056404, 0.5856142516338184], "rotation": [[-0.8660253984369608, 0.17922810190968474, -0.46677328195597834], [0.5000000092621034, 0.3104321655011182, -0.8084750221003631], [-2.9367801913230974e-09, -0.9335465484420891, -0.35845619243062604]], "fy": 711.0673733317556, "fx": 711.0673733317556}, {"id": 7, "img_name": "00000007.png", "width": 512, "height": 512, "position": [0.5216307812263548, 1.433169249828333, 0.585614307430229], "rotation": [[-0.9396926335347121, 0.12259922590039098, -0.31929169154430115], [0.34202010829861457, 0.33683868185457355, -0.8772467998949196], [1.3916187116952139e-08, -0.9335465345739856, -0.35845622854806297]], "fy": 711.0673733317556, "fx": 711.0673733317556}, {"id": 8, "img_name": "00000008.png", "width": 512, "height": 512, "position": [0.26483879435832725, 1.5019762623753359, 0.5856142435154118], "rotation": [[-0.9848077673611864, 0.06224523382546146, -0.1621085815467159], [0.1736480962898084, 0.3530104022594681, -0.9193639075749784], [-5.816176535780462e-09, -0.9335465637891995, -0.3584561524613261]], "fy": 711.0673733317556, "fx": 711.0673733317556}, {"id": 9, "img_name": "00000009.png", "width": 512, "height": 512, "position": [-6.666628074132409e-08, 1.525146707979959, 0.5856143028839542], "rotation": [[-0.999999999999999, -1.5668622169241188e-08, 4.080662605376653e-08], [-4.371139954948105e-08, 0.35845622576527564, -0.9335465356424991], [-1.2170617473505519e-15, -0.9335465356425001, -0.3584562257652758]], "fy": 711.0673733317556, "fx": 711.0673733317556}, {"id": 10, "img_name": "00000010.png", "width": 512, "height": 512, "position": [-0.2648391522547335, 1.5019763788802325, 0.5856143227749011], "rotation": [[-0.9848077294160089, -0.062245305180153185, 0.16210878466484846], [-0.17364831148757126, 0.3530104165654476, -0.9193638614356149], [-5.476792690171974e-09, -0.9335465536218954, -0.35845617894058013]], "fy": 711.0673733317556, "fx": 711.0673733317556}, {"id": 11, "img_name": "00000011.png", "width": 512, "height": 512, "position": [-0.5216308938008212, 1.4331691066910035, 0.5856142946150539], "rotation": [[-0.9396926063063028, -0.1225992401553215, 0.3192917662054654], [-0.3420201831080551, 0.33683864277831055, -0.8772467857324975], [-1.5819436306046213e-08, -0.9335465468012849, -0.35845619670385975]], "fy": 711.0673733317556, "fx": 711.0673733317556}, {"id": 12, "img_name": "00000012.png", "width": 512, "height": 512, "position": [-0.7625733970865829, 1.3208156823987502, 0.5856142672683973], "rotation": [[-0.8660253363339134, -0.17922813860457237, 0.4667733830887013], [-0.5000001168277177, 0.31043215536576124, -0.8084749594682795], [-5.2856867575107855e-09, -0.9335465447674839, -0.35845620200059525]], "fy": 711.0673733317556, "fx": 711.0673733317556}, {"id": 13, "img_name": "00000013.png", "width": 512, "height": 512, "position": [-0.9803455605182152, 1.168330258809748, 0.5856143131896332], "rotation": [[-0.766044563570538, -0.2304111042954592, 0.6000720370433625], [-0.6427874661379314, 0.2745933111160571, -0.7151382991186375], [3.766400753096718e-08, -0.9335465904322436, -0.3584560830734097]], "fy": 711.0673733317556, "fx": 711.0673733317556}, {"id": 14, "img_name": "00000014.png", "width": 512, "height": 512, "position": [-1.1683302592219245, 0.9803451149811458, 0.5856141951958524], "rotation": [[-0.6427873496591651, -0.27459340199394455, 0.7151383689185874], [-0.7660446613077753, 0.23041111237723683, -0.6000719091700093], [-4.010618016983848e-08, -0.93354656170674, -0.35845615788478513]], "fy": 711.0673733317556, "fx": 711.0673733317556}, {"id": 15, "img_name": "00000015.png", "width": 512, "height": 512, "position": [-1.3208156520368999, 0.762573344746308, 0.585614261473082], "rotation": [[-0.49999990165795904, -0.31043218051325566, 0.8084750828837064], [-0.866025460562234, 0.1792280879531851, -0.4667731720510675], [-2.9658137310833832e-08, -0.93354654612956, -0.358456198453267]], "fy": 711.0673733317556, "fx": 711.0673733317556}, {"id": 16, "img_name": "00000016.png", "width": 512, "height": 512, "position": [-1.4331692804697547, 0.5216307073120391, 0.5856142895800498], "rotation": [[-0.3420198196673847, -0.3368386656437807, 0.8772469186506197], [-0.9396927385878252, 0.12259916832196016, -0.31929140447571835], [-5.200443859681509e-08, -0.9335465479846631, -0.35845619362192116]], "fy": 711.0673733317556, "fx": 711.0673733317556}, {"id": 17, "img_name": "00000017.png", "width": 512, "height": 512, "position": [-1.5019763618593238, 0.2648388126096931, 0.5856143009677739], "rotation": [[-0.17364812467766905, -0.35301035186102137, 0.919363921564734], [-0.9848077623556429, 0.06224522094788365, -0.16210861689996803], [9.462251674451014e-09, -0.9335465837054447, -0.35845610059237765]], "fy": 711.0673733317556, "fx": 711.0673733317556}, {"id": 18, "img_name": "00000018.png", "width": 512, "height": 512, "position": [-1.5251465161421984, -3.166853031858333e-07, 0.5856142961802278], "rotation": [[2.40227547706463e-07, -0.3584562216619044, 0.9335465372180508], [-0.99999999999997, -4.4942597311925125e-08, 2.400711531728087e-07], [-4.409899212277792e-08, -0.9335465372180806, -0.3584562216619042]], "fy": 711.0673733317556, "fx": 711.0673733317556}, {"id": 19, "img_name": "00000019.png", "width": 512, "height": 512, "position": [-1.5019757833816347, -0.2648395327776446, 0.5856142449218837], "rotation": [[0.17364868052321136, -0.3530104267189657, 0.91936378783387], [-0.9848076643449458, -0.062245439833688895, 0.1621091282666184], [-9.203552803896941e-09, -0.9335465408042622, -0.3584562123222242]], "fy": 711.0673733317556, "fx": 711.0673733317556}, {"id": 20, "img_name": "00000020.png", "width": 512, "height": 512, "position": [-1.4331686798012622, -0.5216312811417538, 0.5856142410565993], "rotation": [[0.34202053130175253, -0.3368385871551454, 0.8772466713367412], [-0.9396924795740716, -0.12259936155480491, 0.31929209257087404], [-1.551942096758061e-08, -0.9335465509280616, -0.35845618595627565]], "fy": 711.0673733317556, "fx": 711.0673733317556}, {"id": 21, "img_name": "00000021.png", "width": 512, "height": 512, "position": [-1.3208157955515696, -0.7625733726428219, 0.585614304135334], "rotation": [[0.4999999394667483, -0.31043217706551207, 0.8084750608247694], [-0.8660254387333245, -0.17922810208081894, 0.4667732071266089], [2.7847133692321602e-08, -0.9335465445637265, -0.35845620253125077]], "fy": 711.0673733317556, "fx": 711.0673733317556}, {"id": 22, "img_name": "00000022.png", "width": 512, "height": 512, "position": [-1.1683301232918768, -0.9803453004192536, 0.5856142903493732], "rotation": [[0.6427875943956501, -0.2745933753628957, 0.7151381591677687], [-0.766044455949557, -0.23041118027573768, 0.6000721452566249], [-8.513206504670387e-09, -0.9335465527817843, -0.3584561811285259]], "fy": 711.0673733317556, "fx": 711.0673733317556}, {"id": 23, "img_name": "00000023.png", "width": 512, "height": 512, "position": [-0.9803448826234957, -1.168329998747256, 0.5856142084933824], "rotation": [[0.7660446207036357, -0.2304111391287863, 0.6000719507329085], [-0.642787398049326, -0.27459342150179794, 0.71513831793361], [-2.4370719591720872e-08, -0.933546549366078, -0.3584561900242321]], "fy": 711.0673733317556, "fx": 711.0673733317556}, {"id": 24, "img_name": "00000024.png", "width": 512, "height": 512, "position": [-0.7625730965516563, -1.3208157715472488, 0.5856142985276513], "rotation": [[0.8660254790122937, -0.17922804849509513, 0.4667731529706559], [-0.4999998697015104, -0.31043216362523524, 0.8084751091316464], [-1.626767035848833e-08, -0.9335465593207415, -0.3584561640987705]], "fy": 711.0673733317556, "fx": 711.0673733317556}, {"id": 25, "img_name": "00000025.png", "width": 512, "height": 512, "position": [-0.5216300025739559, -1.4331692004207242, 0.5856142544865702], "rotation": [[0.9396928280993729, -0.12259901803987104, 0.319291198742248], [-0.34201957373606867, -0.33683862831096295, 0.8772470288687143], [-1.4901596884905352e-08, -0.9335465811909164, -0.3584561071410996]], "fy": 711.0673733317556, "fx": 711.0673733317556}, {"id": 26, "img_name": "00000026.png", "width": 512, "height": 512, "position": [-0.26483882808847986, -1.5019760680825878, 0.5856141892328159], "rotation": [[0.9848077577804403, -0.06224525427538476, 0.16210863189742394], [-0.17364815062493988, -0.3530104248246565, 0.919363888647827], [-2.0066370276258355e-09, -0.9335465538928996, -0.3584561782347903]], "fy": 711.0673733317556, "fx": 711.0673733317556}, {"id": 27, "img_name": "00000027.png", "width": 512, "height": 512, "position": [1.8187197176115166e-08, -1.5251469201427639, 0.5856143587684816], "rotation": [[0.9999999999999999, 4.274548852564784e-09, -1.113243554410897e-08], [1.1924885284005992e-08, -0.35845625997234437, 0.9335465225079244], [-9.929223993478666e-16, -0.9335465225079246, -0.35845625997234437]], "fy": 711.0673733317556, "fx": 711.0673733317556}, {"id": 28, "img_name": "00000028.png", "width": 512, "height": 512, "position": [0.2648396908283222, -1.5019763788455243, 0.5856142788108558], "rotation": [[0.9848076693185905, 0.06224542798038108, -0.1621091026032307], [0.17364865231635285, -0.3530103675867645, 0.9193638158666957], [2.891717282502991e-10, -0.9335465639547907, -0.35845615203006825]], "fy": 711.0673733317556, "fx": 711.0673733317556}, {"id": 29, "img_name": "00000029.png", "width": 512, "height": 512, "position": [0.5216314024247994, -1.433168591932608, 0.5856141993161194], "rotation": [[0.93969249711114, 0.12259936333739088, -0.319292040273942], [0.34202048311911104, -0.3368385848574262, 0.8772466910044265], [6.804860513576215e-09, -0.9335465515230144, -0.3584561844068074]], "fy": 711.0673733317556, "fx": 711.0673733317556}, {"id": 30, "img_name": "00000030.png", "width": 512, "height": 512, "position": [0.7625730965516563, -1.3208157715472488, 0.5856142985276513], "rotation": [[0.8660254790122937, 0.17922804849509513, -0.4667731529706559], [0.4999998697015104, -0.31043216362523524, 0.8084751091316464], [1.626767035848833e-08, -0.9335465593207415, -0.3584561640987705]], "fy": 711.0673733317556, "fx": 711.0673733317556}, {"id": 31, "img_name": "00000031.png", "width": 512, "height": 512, "position": [0.9803450214755689, -1.1683301234511576, 0.5856142664576333], "rotation": [[0.7660446051062024, 0.2304111290499598, -0.6000719745143953], [0.642787416637632, -0.27459337049031174, 0.715138320812897], [4.190670782711283e-08, -0.9335465668581794, -0.3584561444686156]], "fy": 711.0673733317556, "fx": 711.0673733317556}, {"id": 32, "img_name": "00000032.png", "width": 512, "height": 512, "position": [1.1683304272130777, -0.9803450853871779, 0.5856142983398355], "rotation": [[0.6427873976012562, 0.2745934045593509, -0.7151383248417815], [0.7660446210796106, -0.23041111880829973, 0.6000719580554513], [-1.9586445839215952e-08, -0.9335465593648835, -0.358456163983809]], "fy": 711.0673733317556, "fx": 711.0673733317556}, {"id": 33, "img_name": "00000033.png", "width": 512, "height": 512, "position": [1.3208161002428016, -0.7625729597509963, 0.5856143007568435], "rotation": [[0.49999969510639514, 0.31043218128930106, -0.8084752103271186], [0.8660255798147719, -0.17922793470037143, 0.4667730096412258], [2.1346519876386134e-08, -0.9335465752939195, -0.3584561224989658]], "fy": 711.0673733317556, "fx": 711.0673733317556}, {"id": 34, "img_name": "00000034.png", "width": 512, "height": 512, "position": [1.4331690602613765, -0.5216306339962988, 0.585614270000025], "rotation": [[0.3420199466572755, 0.33683862730643743, -0.8772468838604496], [0.939692692367326, -0.12259913627800274, 0.31929155280923655], [1.8094943462024156e-08, -0.9335465660256067, -0.3584561466369309]], "fy": 711.0673733317556, "fx": 711.0673733317556}, {"id": 35, "img_name": "00000035.png", "width": 512, "height": 512, "position": [1.5019763607560663, -0.264838661211105, 0.5856143215853792], "rotation": [[0.17364801723511064, 0.3530104064714435, -0.919363920889427], [0.9848077813006529, -0.06224518546994157, 0.16210851543178714], [1.5154922071825165e-08, -0.9335465654206427, -0.3584561482124708]], "fy": 711.0673733317556, "fx": 711.0673733317556}, {"id": 36, "img_name": "00000036.png", "width": 512, "height": 512, "position": [1.525146473629467, 8.161905193809472e-08, 0.5856143088757831], "rotation": [[2.4894662856466865e-07, 0.35845628943288066, -0.933546511195853], [0.9999999999999667, -2.6550786937535253e-08, 2.564728471668631e-07], [6.7147910479436e-08, -0.9335465111958857, -0.35845628943287516]], "fy": 711.0673733317556, "fx": 711.0673733317556}, {"id": 37, "img_name": "00000037.png", "width": 512, "height": 512, "position": [-0.0, 8.894584208243353e-22, 1.6337125299999853], "rotation": [[-0.9999999999999998, -0.0, -0.0], [0.0, 0.9999999999999909, 1.3435885599999825e-07], [-0.0, 1.3435885599999825e-07, -0.9999999999999909]], "fy": 711.0673733317556, "fx": 711.0673733317556}, {"id": 38, "img_name": "00000038.png", "width": 512, "height": 512, "position": [-0.0, 8.894584208243351e-22, -1.6337125299999853], "rotation": [[-1.0, -0.0, -0.0], [-0.0, -0.9999999999999908, 1.3435885599999823e-07], [0.0, 1.3435885599999823e-07, 0.9999999999999909]], "fy": 711.0673733317556, "fx": 711.0673733317556}, {"id": 39, "img_name": "00000039.png", "width": 512, "height": 512, "position": [1.632717959846918, -8.244319073912159e-08, -0.05699266090246219], "rotation": [[7.678468385106607e-08, -0.03488536717887608, -0.999391320332926], [0.9999999999999958, -4.778785943893107e-08, 7.849956205496943e-08], [-5.0497257991408394e-08, -0.9993913203329279, 0.03488536717887227]], "fy": 711.0673733317556, "fx": 711.0673733317556}, {"id": 40, "img_name": "00000040.png", "width": 512, "height": 512, "position": [1.413975400602353, 0.8163590547677344, -0.05699259049670078], "rotation": [[-0.5000000055119195, -0.030211576752411186, -0.8654982698528133], [0.8660254006021301, -0.017442668654672904, -0.49969566620306316], [-5.5698944068562915e-09, -0.9993913217255472, 0.034885327283308315]], "fy": 711.0673733317556, "fx": 711.0673733317556}, {"id": 41, "img_name": "00000041.png", "width": 512, "height": 512, "position": [0.8163590030550925, 1.4139754629050294, -0.05699262475476683], "rotation": [[-0.8660254209939088, -0.017442668423282764, -0.4996956308700311], [0.4999999701923221, -0.03021159740440645, -0.865498289536121], [-3.539289390745557e-09, -0.9993913211052762, 0.03488534505276566]], "fy": 711.0673733317556, "fx": 711.0673733317556}, {"id": 42, "img_name": "00000042.png", "width": 512, "height": 512, "position": [-7.13683770059446e-08, 1.6327181254901124, -0.05699258454319197], "rotation": [[-0.9999999999999988, 1.524886538929012e-09, 4.368478615453121e-08], [-4.371139234025529e-08, -0.03488532733914847, -0.999391321723597], [-3.0887725647918056e-16, -0.999391321723598, 0.034885327339148765]], "fy": 711.0673733317556, "fx": 711.0673733317556}, {"id": 43, "img_name": "00000043.png", "width": 512, "height": 512, "position": [-0.8163591590001696, 1.4139753221870113, -0.056992664787650374], "rotation": [[-0.8660253539757189, 0.01744269294104978, 0.49969574616379714], [-0.5000000862712223, -0.03021161523916715, -0.865498221854563], [-4.105084437443133e-09, -0.9993913201382151, 0.03488537275700575]], "fy": 711.0673733317556, "fx": 711.0673733317556}, {"id": 44, "img_name": "00000044.png", "width": 512, "height": 512, "position": [-1.4139754963059514, 0.8163587546053239, -0.05699259498528049], "rotation": [[-0.4999998247430577, 0.030211585415154625, 0.8654983739809187], [-0.8660255049690576, -0.017442652745300723, -0.49969548587944573], [-5.2642423289789e-09, -0.9993913217413434, 0.03488532683077974]], "fy": 711.0673733317556, "fx": 711.0673733317556}, {"id": 45, "img_name": "00000045.png", "width": 512, "height": 512, "position": [-1.6327179596584482, -2.2518057046065054e-07, -0.05699266107275184], "rotation": [[2.4539277237458624e-07, 0.03488537048311493, 0.999391320217559], [-0.9999999999999687, -4.352949466749889e-08, 2.4706169644356696e-07], [5.212183785151867e-08, -0.9993913202175884, 0.03488537048310302]], "fy": 711.0673733317556, "fx": 711.0673733317556}, {"id": 46, "img_name": "00000046.png", "width": 512, "height": 512, "position": [-1.4139749699299178, -0.8163597433233608, -0.056992613520667666], "rotation": [[0.5000003770190012, 0.030211582080946785, 0.8654980550463549], [-0.8660251861123074, 0.017442695011430774, 0.49969603701638615], [-1.0769315705404338e-08, -0.9993913211044532, 0.034885345076342]], "fy": 711.0673733317556, "fx": 711.0673733317556}, {"id": 47, "img_name": "00000047.png", "width": 512, "height": 512, "position": [-0.8163590154806724, -1.4139756112572601, -0.056992581808392104], "rotation": [[0.8660254559983432, 0.017442654603604554, 0.49969557068603376], [-0.49999990956285345, 0.030211575028903183, 0.8654983253429269], [-1.876436754193876e-09, -0.9993913220228862, 0.03488531876517244]], "fy": 711.0673733317556, "fx": 711.0673733317556}, {"id": 48, "img_name": "00000048.png", "width": 512, "height": 512, "position": [1.9469967256656463e-08, -1.6327179594680634, -0.056992660483295446], "rotation": [[0.9999999999999999, -4.1600383582595197e-10, -1.1917621516525305e-08], [1.1924879949188958e-08, 0.034885373822300676, 0.9993913201010293], [5.902348650802246e-17, -0.9993913201010293, 0.034885373822300676]], "fy": 711.0673733317556, "fx": 711.0673733317556}, {"id": 49, "img_name": "00000049.png", "width": 512, "height": 512, "position": [0.816359697526668, -1.4139750773125657, -0.05699258607524156], "rotation": [[0.8660251779097974, -0.017442678047649873, -0.4996960518243363], [0.5000003912261507, 0.030211568204301938, 0.8654980473232351], [-2.439217519487995e-09, -0.999391321820018, 0.034885324576921305]], "fy": 711.0673733317556, "fx": 711.0673733317556}, {"id": 50, "img_name": "00000050.png", "width": 512, "height": 512, "position": [1.4139756140940427, -0.816358710970964, -0.05699258224271707], "rotation": [[0.49999976580783295, -0.030211568251885708, -0.8654984086270024], [0.866025538995307, 0.01744265827344554, 0.4996954267153579], [1.0488525446098421e-08, -0.9993913221637044, 0.034885314731021716]], "fy": 711.0673733317556, "fx": 711.0673733317556}]